1000	1
0.686371	2.216673
-1.515260	0.110448
1.076577	4.106999
0.803973	2.738299
1.989191	10.311543
-1.332833	-0.267567
0.365046	1.002990
-1.000287	-0.699770
1.229848	4.974456
-0.642648	-0.794331
1.099417	4.231796
-0.239274	-0.440525
1.288275	5.323681
-1.471253	0.010121
-1.098224	-0.606949
1.097515	4.221341
-0.984571	-0.711986
-0.921937	-0.753310
-0.000411	-0.000904
0.503406	1.487621
1.468141	6.463069
0.020027	0.044661
-1.991615	1.568242
1.355824	5.740204
1.256320	5.131415
-0.700274	-0.805027
-1.183148	-0.503167
-0.284031	-0.503858
-0.065114	-0.136891
-1.228063	-0.439530
-0.292369	-0.514993
0.417142	1.178723
0.767861	2.573712
-1.776261	0.824880
-1.926361	1.328307
1.626489	7.546475
-0.021669	-0.046967
0.574127	1.757511
0.860246	3.002574
1.255217	5.124831
-0.099444	-0.203943
-0.596231	-0.778471
0.993155	3.664474
-0.870294	-0.778529
-1.326903	-0.278179
1.786995	8.721417
-0.587702	-0.774854
-1.710645	0.626039
-1.970170	1.487981
-1.521325	0.124729
-1.862605	1.106214
0.166398	0.407608
1.123567	4.365449
0.256988	0.664439
1.598917	7.352418
-0.499053	-0.724336
1.736584	8.344074
0.263313	0.683288
-0.952353	-0.734712
1.556068	7.055370
0.994124	3.669496
0.837956	2.896757
-0.106896	-0.218031
-1.028245	-0.676208
0.260839	0.675900
0.826721	2.843987
0.020101	0.044828
1.357008	5.747621
1.963750	10.104721
0.178907	0.441606
1.653167	7.736405
-0.923452	-0.752449
-0.008461	-0.018506
-1.070632	-0.636011
1.078119	4.115373
1.229280	4.971111
-0.278639	-0.496547
-0.857355	-0.783595
0.246083	0.632219
1.531190	6.885433
-1.691824	0.571390
-1.617089	0.364868
1.481106	6.548947
0.516071	1.534849
-0.934431	-0.746006
-0.620663	-0.787625
-0.053786	-0.113990
1.464895	6.441642
-1.251887	-0.403319
0.325506	0.875044
-0.108331	-0.220726
-1.843062	1.040581
-1.222560	-0.447652
1.063671	4.037169
1.206289	4.836533
1.593549	7.314906
-0.431886	-0.670361
1.223341	4.936198
-0.119065	-0.240678
-1.256525	-0.396073
-0.886114	-0.771654
-1.049368	-0.656850
-0.823842	-0.794379
-0.763719	-0.805282
0.118317	0.281295
-1.371704	-0.195391
-1.015827	-0.686962
-1.414985	-0.109693
1.414496	6.113088
1.847359	9.183296
-0.651609	-0.796648
-1.396663	-0.146657
1.932411	9.852623
-1.123419	-0.578416
-1.585673	0.283056
-0.021459	-0.046519
-1.425627	-0.087760
-0.957062	-0.731585
1.012799	3.766802
-1.579009	0.266083
1.698718	8.065643
-1.171783	-0.518310
0.748376	2.486526
-0.319229	-0.549443
0.195458	0.487315
-1.988547	1.556676
1.431874	6.225517
-0.720607	-0.806424
-0.268139	-0.482058
0.512018	1.519684
1.378030	5.880118
0.846730	2.938232
0.903730	3.213296
1.614292	7.460350
0.005852	0.012927
0.863477	3.018036
1.373325	5.850349
1.083692	4.145705
-1.205612	-0.472096
1.655330	7.751905
1.758943	8.510496
1.586190	7.263616
-1.067251	-0.639415
-0.601714	-0.780681
1.589713	7.288149
-1.012073	-0.690123
-1.014547	-0.688045
1.362771	5.783811
-1.213476	-0.460861
-0.808474	-0.798198
-0.607557	-0.782937
0.603164	1.872670
-0.027609	-0.059597
-0.664852	-0.799632
0.111640	0.264304
0.856157	2.983054
1.734670	8.329897
1.988767	10.308083
-1.585227	0.281918
-0.544965	-0.753443
-1.924775	1.322635
0.892192	3.156831
0.336278	0.909436
-1.479883	0.029338
-1.664863	0.494955
0.624500	1.958899
0.070784	0.163240
-0.136337	-0.272060
0.346320	0.941811
-1.257073	-0.395212
-0.418564	-0.658047
-1.207668	-0.469177
1.793643	8.771746
-1.710287	0.624992
-0.154652	-0.304359
-0.772498	-0.804366
0.216005	0.545199
-1.668737	0.505803
1.344317	5.668281
1.958581	10.062935
-1.346616	-0.242493
-0.722342	-0.806485
-1.464499	-0.004761
0.522891	1.560484
0.812961	2.779872
0.652167	2.072748
0.601810	1.867247
1.949250	9.987715
-1.718987	0.650602
1.109846	4.289299
0.717767	2.351871
0.565362	1.723247
-0.579169	-0.771017
1.312024	5.468564
-0.717505	-0.806291
1.203755	4.821801
-1.876282	1.152830
1.834421	9.083380
-0.767648	-0.804900
-0.818198	-0.795864
0.001342	0.002956
-1.569823	0.242906
-1.344901	-0.245645
0.714705	2.338554
1.238256	5.024077
-1.757565	0.766909
1.303353	5.415469
0.365071	1.003072
0.658999	2.101219
1.217121	4.899742
0.367898	1.012398
-0.696379	-0.804618
1.580897	7.226827
0.184416	0.456729
-0.178718	-0.345270
-0.852470	-0.785377
1.949939	9.993258
-1.383901	-0.171809
1.422087	6.162086
-0.691191	-0.804003
0.009550	0.021146
-0.400731	-0.640730
0.935437	3.370526
1.609577	7.427180
0.723094	2.375105
1.765110	8.556664
0.884195	3.117931
0.880054	3.097864
1.583391	7.244154
1.441774	6.289970
0.104865	0.247198
1.748279	8.430932
-1.038649	-0.666840
-1.176750	-0.511739
1.499577	6.672168
1.168189	4.617014
-1.431056	-0.076442
0.878459	3.090147
0.033176	0.074638
0.181942	0.449927
1.138950	4.451499
-1.753271	0.753742
1.602689	7.378833
-0.435011	-0.673173
1.795210	8.783633
0.192044	0.477819
-0.440252	-0.677822
-1.612919	0.353841
0.600337	1.861348
-0.346358	-0.582042
1.272704	5.229614
-1.597811	0.314317
1.353667	5.726691
-0.402175	-0.642168
0.476646	1.389410
-1.827564	0.989346
-1.799028	0.896891
-1.334224	-0.265062
-0.594694	-0.777835
0.704543	2.294568
0.668959	2.142968
0.012278	0.027238
-0.928469	-0.749550
1.431293	6.221746
-0.004647	-0.010191
-0.015055	-0.032780
1.594802	7.323654
1.869920	9.358723
-0.246625	-0.451339
0.949658	3.442025
-1.599415	0.318480
1.339294	5.637008
0.373004	1.029306
-1.633028	0.407509
-1.106095	-0.598240
-0.169331	-0.329519
-0.399855	-0.639855
0.635063	2.002097
0.572672	1.751810
-1.808043	0.925836
1.580536	7.224319
-1.821866	0.970688
-0.300990	-0.526286
-0.359303	-0.596818
1.175339	4.657876
-1.849025	1.060483
-1.887558	1.191685
-0.684169	-0.803041
-0.978189	-0.716735
1.419996	6.148573
-1.235245	-0.428793
1.095387	4.209658
-1.944243	1.392786
-0.628382	-0.790144
0.267136	0.694741
-0.108230	-0.220536
-1.388435	-0.162930
-0.680773	-0.802523
-0.296956	-0.521029
-1.979185	1.521554
0.644979	2.042953
0.981501	3.604317
-0.597299	-0.778909
-1.670568	0.510947
-0.930895	-0.748121
0.648745	2.058543
1.206897	4.840073
-1.111530	-0.592117
-1.610175	0.346609
0.136673	0.328700
1.980502	10.240689
0.694880	2.253022
1.475721	6.513216
0.167876	0.411599
1.548919	7.006347
-1.838605	1.025770
1.106843	4.272708
-1.780617	0.838536
-0.846160	-0.787572
1.967015	10.131153
-1.258861	-0.392398
0.283788	0.745136
-0.364002	-0.602058
-0.880732	-0.774077
-0.417933	-0.657451
-0.640582	-0.793763
-1.963401	1.462933
0.350892	0.956649
0.318569	0.853080
-1.210550	-0.465063
-0.390514	-0.630379
-0.388851	-0.628664
0.039693	0.089689
-0.743426	-0.806514
1.012877	3.767209
-1.260254	-0.390199
0.417648	1.180470
0.713584	2.333687
-1.776216	0.824739
-0.624140	-0.788782
-0.419352	-0.658790
-0.704922	-0.805456
-1.543152	0.177043
0.862949	3.015511
0.934619	3.366433
-0.444206	-0.681275
-1.952153	1.421615
1.983135	10.262130
-0.365728	-0.603966
0.100032	0.235080
-1.898665	1.230329
0.460533	1.331309
1.376168	5.868325
1.435121	6.246625
-1.667189	0.501462
-1.027771	-0.676626
-1.848202	1.057733
0.940547	3.396149
1.348423	5.693896
-0.750807	-0.806209
-0.126890	-0.255006
1.165856	4.603714
1.335810	5.615364
-1.816663	0.953739
0.640181	2.023146
0.518254	1.543041
-1.098865	-0.606247
-0.031061	-0.066888
1.119817	4.344583
-0.908061	-0.760872
1.757413	8.499061
-1.726277	0.672240
0.126746	0.302938
1.983461	10.264788
0.219578	0.555394
-1.663601	0.491430
-1.311606	-0.305068
1.996131	10.368299
0.452959	1.304267
1.335664	5.614456
-0.111976	-0.227540
1.768391	8.581269
0.528519	1.581739
0.377418	1.043985
1.026467	3.838677
0.152186	0.369551
-0.517380	-0.736713
1.493230	6.629709
-0.317338	-0.547088
-0.440268	-0.677836
-1.270684	-0.373549
-1.829138	0.994514
-1.012074	-0.690122
-0.301671	-0.527168
-0.329664	-0.562244
-1.521695	0.125605
1.089981	4.180045
-1.826559	0.986046
1.117404	4.331179
0.613578	1.914587
1.182495	4.698932
-1.893948	1.213873
0.563275	1.715124
-0.673255	-0.801253
1.456707	6.387750
1.357597	5.751316
0.914845	3.268071
1.314970	5.486654
-0.522889	-0.740237
-0.968002	-0.724062
1.039294	3.906647
0.934048	3.363573
0.250477	0.645156
0.272111	0.709711
0.407295	1.144882
0.354255	0.967607
1.144782	4.484311
0.284157	0.746263
-1.675859	0.525866
1.328386	5.569362
-0.879754	-0.774508
-1.403261	-0.133463
1.693725	8.029251
0.802103	2.729679
-0.182553	-0.351628
-0.257172	-0.466573
-0.837142	-0.790503
-0.904034	-0.762959
-1.381700	-0.176099
-1.599401	0.318444
-0.802107	-0.799572
0.623882	1.956385
1.421425	6.157809
-0.341497	-0.576363
-0.294407	-0.517682
1.187800	4.729463
-1.189566	-0.494444
-0.646040	-0.795237
-0.429378	-0.668083
-1.220346	-0.450895
0.869144	3.045234
-0.501155	-0.725806
0.997519	3.687106
1.913109	9.698821
0.080409	0.186599
0.826237	2.841722
-0.389919	-0.629766
1.416204	6.124103
1.243141	5.053008
0.338144	0.915428
-1.257416	-0.394673
1.519900	6.808925
-1.757387	0.766361
-1.886966	1.189637
-0.741351	-0.806570
-0.410680	-0.650509
-1.336848	-0.260321
0.492588	1.447656
1.857311	9.260490
-1.605790	0.335104
1.355595	5.738763
-1.509310	0.096544
1.419816	6.147408
-1.618227	0.367889
0.226864	0.576301
1.988785	10.308224
-0.785214	-0.802629
-1.629032	0.396747
-1.054076	-0.652353
-0.310580	-0.538586
1.413228	6.104922
1.938041	9.897695
-1.897730	1.227062
0.843021	2.920675
-0.616091	-0.786048
1.215202	4.888519
0.921336	3.300231
1.583102	7.242143
1.446994	6.324076
-0.728062	-0.806625
-0.924156	-0.752047
1.810871	8.902794
-1.861063	1.100993
1.004348	3.722640
1.897657	9.576500
-0.348866	-0.584943
-1.513590	0.106534
1.570950	7.157915
0.314916	0.841573
-0.427267	-0.666152
1.191154	4.748812
1.885106	9.477669
-1.563349	0.226723
1.411974	6.096850
-1.262700	-0.386323
-0.080603	-0.167581
-0.731176	-0.806660
-0.667674	-0.800200
1.124740	4.371987
1.729131	8.288929
0.518817	1.545155
1.150760	4.518044
-0.018822	-0.040876
-0.742255	-0.806547
-1.838485	1.025373
1.777246	8.647846
-1.361252	-0.215243
1.129781	4.400126
-0.546469	-0.754289
-0.089891	-0.185640
0.498463	1.469318
-1.451001	-0.034097
1.560972	7.089087
-0.145193	-0.287802
-1.136248	-0.563156
-0.086960	-0.179969
0.811920	2.775045
-1.133419	-0.566564
-1.665624	0.497081
1.094304	4.203719
-1.403668	-0.132643
1.997426	10.378903
0.201779	0.504986
0.443841	1.271942
0.652544	2.074317
1.065845	4.048898
0.067840	0.156150
1.077571	4.112393
0.445253	1.276932
1.230333	4.977309
0.146190	0.353676
-1.833432	1.008660
-1.932922	1.351851
0.152643	0.370764
-0.201630	-0.382604
0.613817	1.915556
-1.038613	-0.666874
-1.599486	0.318664
1.579223	7.215211
0.985362	3.624203
1.033974	3.878397
-1.416160	-0.107289
-1.218518	-0.453560
-0.373669	-0.612629
-0.412254	-0.652029
0.405820	1.139840
0.630929	1.985150
0.928525	3.335993
-1.670130	0.509717
-1.975609	1.508207
-0.440935	-0.678422
-0.486188	-0.715045
0.340505	0.923028
-0.354624	-0.591536
-1.931231	1.345771
0.273231	0.713090
0.605291	1.881205
0.416046	1.174944
0.716776	2.347560
0.783249	2.643366
0.856875	2.986476
0.708364	2.311071
-1.679081	0.534991
-1.479574	0.028645
-1.803712	0.911898
-1.179055	-0.508665
0.934913	3.367904
-1.868592	1.126552
-0.339979	-0.574575
1.870311	9.361779
0.184294	0.456393
-0.108703	-0.221422
1.773729	8.621374
-0.079385	-0.165194
-0.372814	-0.611706
1.776967	8.645744
1.301165	5.402111
0.536779	1.613113
-0.061843	-0.130319
1.071676	4.080424
-0.509429	-0.731467
-0.936712	-0.744623
0.889015	3.141353
-1.352336	-0.231919
1.057401	4.003428
-1.419029	-0.101399
-0.112275	-0.228097
0.438525	1.253212
-0.553058	-0.757918
0.154712	0.376269
-0.929748	-0.748799
1.492075	6.621998
-0.272919	-0.488695
-1.455625	-0.024108
1.098894	4.228921
1.332326	5.593754
-0.740905	-0.806581
0.374127	1.033037
-0.120518	-0.243354
-0.441021	-0.678497
-0.016916	-0.036787
-0.633504	-0.791718
-0.782276	-0.803074
0.771629	2.590699
-0.427645	-0.666499
-1.550931	0.196033
1.699948	8.074619
0.065545	0.150642
-0.010228	-0.022344
1.113318	4.308516
-1.276048	-0.364857
-1.833148	1.007723
-1.133950	-0.565926
0.307299	0.817706
0.702496	2.285742
-1.722743	0.661730
-0.338919	-0.573323
-1.303539	-0.318965
1.375138	5.861808
-0.707047	-0.805630
-0.525768	-0.742042
1.314228	5.482093
1.327794	5.565704
-0.035451	-0.076106
0.812596	2.778179
0.111205	0.263202
-1.755889	0.761765
-0.104017	-0.212609
-1.732260	0.690114
0.672140	2.156368
-1.698307	0.590093
-0.603675	-0.781450
-1.355397	-0.226222
-1.819654	0.963471
1.220394	4.918909
-0.466237	-0.699656
0.788852	2.668908
-0.698054	-0.804800
0.494253	1.453785
-0.278260	-0.496029
1.963501	10.102708
-0.062650	-0.131942
-1.087734	-0.618266
0.400425	1.121446
1.165937	4.604177
-0.173702	-0.336886
-1.219031	-0.452814
0.847653	2.942610
0.091843	0.214708
-0.067676	-0.142018
0.110716	0.261962
0.869409	3.046509
-0.059156	-0.124893
1.952694	10.015445
0.435378	1.242162
1.265613	5.187011
0.195052	0.486181
0.559380	1.699996
0.644803	2.042224
-0.479060	-0.709684
1.421792	6.160183
-1.643973	0.437230
-1.289622	-0.342481
-1.920609	1.307770
-1.250331	-0.405737
-0.598316	-0.779322
-1.881114	1.169436
-1.606529	0.337038
-1.318564	-0.292925
0.958180	3.485158
-0.483147	-0.712777
-1.239045	-0.423051
-0.507330	-0.730051
-0.941911	-0.741410
-1.287104	-0.346673
-1.197099	-0.484049
0.528444	1.581455
-1.598899	0.317140
-1.796242	0.887997
1.749737	8.441788
-0.765910	-0.805075
1.541102	6.952920
1.987967	10.301542
-0.421035	-0.660371
1.118496	4.337239
1.742325	8.386658
1.160542	4.573476
-1.081157	-0.625195
-1.517779	0.116366
0.010362	0.022958
-1.701945	0.600647
-1.531401	0.148701
1.408053	6.071638
-1.142756	-0.555227
1.566824	7.129421
0.224110	0.568380
0.098145	0.230368
-0.361063	-0.598788
-1.693644	0.576629
-1.424370	-0.090369
-1.657016	0.473118
-0.499455	-0.724618
-1.624553	0.384741
-0.396125	-0.636103
-0.829154	-0.792894
0.110821	0.262229
-1.709576	0.622909
-0.885337	-0.772009
1.941324	9.924023
-0.736732	-0.806649
-0.674360	-0.801450
0.318980	0.854378
1.754549	8.477668
-0.207245	-0.391513
0.136240	0.327571
-0.152486	-0.300591
-0.683822	-0.802990
-0.475638	-0.707056
-1.518744	0.118639
1.933990	9.865250
-1.362574	-0.212752
-1.395365	-0.149237
-0.767385	-0.804927
-0.426912	-0.665826
-1.718333	0.648668
-0.885726	-0.771831
1.677162	7.909066
-0.791607	-0.801573
0.962468	3.506948
1.683461	7.954679
-0.761186	-0.805503
-1.308702	-0.310093
1.538934	6.938130
1.727325	8.275596
-1.959838	1.449804
-1.008215	-0.693327
-0.401365	-0.641362
-1.643640	0.436321
-1.674854	0.523024
0.293590	0.775190
1.179981	4.684488
-0.433738	-0.672031
-1.264163	-0.383996
-0.445033	-0.681991
-0.302749	-0.528562
-0.264534	-0.477008
-0.415420	-0.655064
-1.171920	-0.518129
1.979936	10.236080
1.086234	4.159571
-1.075958	-0.630580
1.200627	4.803639
-1.435839	-0.066395
-0.280888	-0.499607
1.791014	8.751827
0.606385	1.885602
-0.129358	-0.259487
0.172443	0.423980
-1.439162	-0.059377
-0.352569	-0.589194
0.215793	0.544594
-0.480439	-0.710733
-0.728846	-0.806637
-1.441466	-0.054489
-1.453785	-0.028090
1.165741	4.603058
-1.622466	0.379169
-0.890321	-0.769699
-1.463916	-0.006041
-1.326977	-0.278048
-0.645590	-0.795118
1.867841	9.342493
0.572787	1.752259
0.068355	0.157390
-0.834676	-0.791261
-1.430655	-0.077280
-1.287796	-0.345522
-1.832643	1.006056
0.384400	1.067324
-0.770981	-0.804541
-1.142943	-0.554996
-0.358681	-0.596121
-1.417765	-0.103997
1.081427	4.133365
1.610938	7.436746
-0.603779	-0.781490
-1.950993	1.417377
0.709029	2.313949
0.130486	0.312610
1.013239	3.769105
-1.130485	-0.570072
-0.598338	-0.779331
1.099253	4.230895
0.514258	1.528061
-0.846151	-0.787575
-0.319543	-0.549833
-1.929367	1.339078
0.983356	3.613864
-1.107450	-0.596721
1.739659	8.366872
-1.448488	-0.039498
-0.932367	-0.747245
0.378000	1.045926
-0.784848	-0.802686
-1.199803	-0.480276
1.219954	4.916327
0.489005	1.434501
0.668663	2.141724
1.801595	8.832129
1.338454	5.631784
0.142244	0.343287
0.168381	0.412966
-0.423350	-0.662532
-0.110569	-0.224913
0.099590	0.233975
-0.754293	-0.806008
1.506345	6.717574
0.267795	0.696721
0.721629	2.368707
-0.043649	-0.093171
-0.361910	-0.599734
0.300497	0.796542
0.497435	1.465520
1.784075	8.699354
1.506685	6.719858
-1.034398	-0.670706
-0.300647	-0.525841
-0.212988	-0.400528
1.851511	9.215467
-0.392706	-0.632626
0.005028	0.011101
-0.114272	-0.231812
0.242986	0.623134
-0.474870	-0.706462
-1.688687	0.562383
-0.432058	-0.670517
1.265791	5.188083
0.142536	0.344053
0.878992	3.092721
0.579537	1.778777
1.592609	7.308343
-1.245639	-0.412981
1.525774	6.848684
-0.171857	-0.333783
-1.084500	-0.621690
1.187098	4.725415
-1.796962	0.890291
1.216743	4.897527
-1.917020	1.295003
0.139513	0.336123
1.641159	7.650651
1.664275	7.816125
1.705292	8.113670
0.828344	2.851589
-0.095635	-0.196679
-0.999165	-0.700667
0.751681	2.501233
-0.368883	-0.607431
-0.707749	-0.805685
-0.057314	-0.121164
1.591511	7.300683
-1.681164	0.540908
-0.096030	-0.197434
0.320660	0.859685
-1.827302	0.988484
1.911736	9.687918
-1.075194	-0.631364
1.998665	10.389058
1.140483	4.460114
0.005489	0.012122
0.586283	1.805415
-1.760312	0.775360
-1.328705	-0.274966
1.852538	9.223427
1.268035	5.201544
-0.950852	-0.735695
-0.624077	-0.788761
-1.981874	1.531614
-1.892123	1.207524
1.319404	5.513928
1.534511	6.908009
1.461047	6.416292
-0.826507	-0.793645
0.759809	2.537543
0.305430	0.811877
1.507482	6.725211
0.883949	3.116736
-1.042039	-0.663718
-0.123978	-0.249696
-0.710739	-0.805901
1.762695	8.538567
1.580812	7.226234
1.942688	9.934973
-1.821975	0.971042
-0.598047	-0.779213
-1.320713	-0.289144
0.846673	2.937963
0.070101	0.161593
-0.941158	-0.741880
-0.067970	-0.142605
1.873417	9.386055
0.538391	1.619256
-0.933829	-0.746369
-0.487465	-0.715990
-0.634364	-0.791974
-0.843091	-0.788597
-1.019819	-0.683555
-1.380249	-0.178917
-1.732774	0.691655
1.322621	5.533755
-1.100312	-0.604657
0.138378	0.333155
-1.959138	1.447229
-0.903150	-0.763410
1.599273	7.354912
1.188599	4.734070
0.031548	0.070898
1.509856	6.741179
0.723902	2.378637
0.433033	1.233947
1.103032	4.251692
0.486350	1.424775
1.659646	7.782856
0.823026	2.826717
-0.266138	-0.479260
0.559499	1.700458
0.457117	1.319090
0.374628	1.034700
1.641363	7.652105
-1.443213	-0.050772
0.126545	0.302419
-0.803950	-0.799187
0.049790	0.113257
-1.055735	-0.650752
-0.200178	-0.380285
0.323622	0.869067
-0.315910	-0.545303
-1.776070	0.824284
-0.157189	-0.308754
0.905687	3.222915
-1.755490	0.760539
0.285257	0.749623
0.943696	3.411977
-1.733813	0.694773
0.770470	2.585471
-1.203752	-0.474726
1.609005	7.423157
0.227767	0.578905
1.430485	6.216501
-1.783918	0.848925
-0.821935	-0.794891
-1.494339	0.062029
-0.398138	-0.638133
-1.863541	1.109389
-0.896429	-0.766766
0.193370	0.481501
1.904083	9.627285
1.914413	9.709172
1.684391	7.961417
0.173207	0.426056
0.443688	1.271404
-0.291142	-0.513367
-1.451729	-0.032529
0.587813	1.811476
-0.686810	-0.803420
0.562562	1.712349
1.348160	5.692257
0.024316	0.054383
1.650641	7.718337
-1.881002	1.169050
-0.458131	-0.693062
1.978912	10.227747
-1.489890	0.051901
0.384610	1.068030
0.696140	2.258424
0.909818	3.243251
-1.814111	0.945455
0.916192	3.274735
-0.505033	-0.728485
0.930586	3.346273
-1.131870	-0.568420
1.408563	6.074916
1.362661	5.783120
-1.176450	-0.512138
-0.157017	-0.308455
1.062368	4.030150
-0.448247	-0.684755
1.881588	9.450054
-1.052722	-0.653653
0.224378	0.569149
0.047409	0.107671
1.869087	9.352224
-1.756708	0.764277
-0.715579	-0.806194
-0.533499	-0.746766
1.032406	3.870087
0.088611	0.206723
0.507440	1.502610
-0.632530	-0.791425
0.598447	1.853791
