750	5
-0.9856356382369995	0.05888418108224869	0.24569785594940186	-1.207345724105835	1.1359881162643433	-0.9879869818687439
-1.688320517539978	-1.2283674478530884	0.33455854654312134	1.073657751083374	0.4095255434513092	-0.5598300695419312
1.327532410621643	-1.3912010192871094	-0.49545741081237793	-0.44160041213035583	0.06580714881420135	-1.0354857444763184
1.272297978401184	-1.1703035831451416	-0.1921117752790451	0.5781368017196655	-1.3831244707107544	-0.7610487937927246
-0.34787723422050476	1.3156200647354126	1.4948018789291382	-1.0102392435073853	-1.2681050300598145	0.14213216304779053
-1.3081092834472656	-1.3874257802963257	-0.9717485904693604	-0.4838213622570038	0.0451393686234951	-1.286562204360962
-0.0007487069233320653	0.6847610473632812	-0.092049740254879	0.095891572535038	1.3989485502243042	0.6912903785705566
0.19658030569553375	0.6187642216682434	1.487539529800415	-1.298051118850708	-0.23618252575397491	0.016733316704630852
1.6133017539978027	0.5416074991226196	-0.04026416689157486	1.293477177619934	-0.08072195202112198	0.9654009342193604
0.9808049201965332	-0.3494650721549988	-1.076272964477539	-0.02718517743051052	-0.6686803698539734	0.5997008085250854
-1.1277364492416382	0.04157639667391777	0.1758681833744049	-0.15118132531642914	-0.6928262114524841	-1.1605758666992188
0.3312145471572876	0.8696289658546448	-1.4196434020996094	0.2961224615573883	-0.7826246619224548	0.9884899258613586
0.7662368416786194	0.00666304025799036	-0.7905202507972717	1.4378201961517334	-1.6641273498535156	1.2080941200256348
-0.319517582654953	1.5707117319107056	0.4698753356933594	-0.5244613885879517	-1.0871134996414185	0.07319329679012299
-1.6060525178909302	-0.41072553396224976	1.2048579454421997	-0.520379364490509	-0.882167398929596	-1.410042643547058
1.2150758504867554	-1.191530704498291	1.5688402652740479	1.615409255027771	0.8376700282096863	1.3735957145690918
1.1701724529266357	-0.906012237071991	-0.2798614799976349	-0.7866309285163879	-1.4270254373550415	-0.8221073150634766
0.6787261962890625	0.5974994897842407	1.1343685388565063	-1.6039693355560303	-0.01872318610548973	0.13040360808372498
0.479445219039917	-0.8865621089935303	-1.0340713262557983	0.49542903900146484	-0.482098251581192	-0.24751371145248413
0.4500625729560852	-0.5070151686668396	-1.5387128591537476	-1.6596713066101074	-0.399870902299881	-0.7864733934402466
-0.7349145412445068	-0.6404444575309753	-0.36184391379356384	0.1542961448431015	-0.40373995900154114	-0.936545729637146
0.7198845148086548	-0.8921594023704529	1.663984775543213	0.6501067280769348	-0.6141408085823059	0.6706507802009583
0.6656481623649597	0.22571881115436554	-1.6540132761001587	-1.2640514373779297	0.2083500176668167	0.9441724419593811
-0.578711748123169	1.4100673198699951	0.8385915756225586	0.414630264043808	-1.085976243019104	0.4291444718837738
-0.8241507411003113	-0.4544835090637207	0.8652583360671997	-0.5049034953117371	-0.8747333288192749	-1.3413341045379639
0.9668881893157959	-0.9939317107200623	1.541031002998352	0.4852098524570465	-1.2088042497634888	0.35839760303497314
-1.735730528831482	-1.5680561065673828	-1.3738328218460083	-1.282771110534668	-1.187943458557129	-1.3280339241027832
-0.5261319875717163	-0.5005398988723755	1.702832579612732	-0.05062085762619972	-1.2593778371810913	0.09940260648727417
1.2258703708648682	0.34958434104919434	-0.04495891556143761	1.6594105958938599	-0.5715388059616089	1.221515417098999
0.05636794865131378	-0.06965848803520203	-0.14060412347316742	0.5571317672729492	0.002855081809684634	0.2451065331697464
0.23719866573810577	1.0456782579421997	0.3737485706806183	1.145971655845642	-0.61178058385849	1.1065744161605835
-1.0026367902755737	0.27607080340385437	-0.2868693470954895	0.02407361939549446	-1.2271161079406738	-0.8843876719474792
-0.15002547204494476	-1.1027592420578003	-0.8887876272201538	-1.1591732501983643	-0.2296188771724701	-1.3582359552383423
-0.1543596386909485	-0.47975197434425354	-0.1364692896604538	0.480172336101532	0.2465406209230423	-0.3192465603351593
0.6185010075569153	-0.8854058384895325	-0.3155882656574249	-1.5009353160858154	-1.0433063507080078	-1.31283700466156
0.11656246334314346	1.5674084424972534	-0.9985985159873962	-1.62730073928833	0.09576970338821411	-0.1300935447216034
-0.2950761020183563	0.8235346674919128	-0.6841366291046143	-1.3114382028579712	0.0907844603061676	-0.04048723727464676
0.7372149229049683	0.6940473914146423	1.7094545364379883	-0.6115930676460266	1.3304667472839355	1.5425771474838257
-0.1341332048177719	-0.1439245641231537	1.0165542364120483	-0.44700977206230164	1.2789262533187866	0.5125890374183655
1.3403549194335938	1.5812617540359497	-1.0595184564590454	0.6056627035140991	-1.1300846338272095	0.026304353028535843
-0.8928947448730469	-1.269422173500061	0.582689106464386	-1.33329439163208	-0.9779443144798279	-2.2498159408569336
0.10605838149785995	-1.198935627937317	1.5738226175308228	-0.38823452591896057	-0.37668564915657043	-0.3807290196418762
-1.5001870393753052	1.11647629737854	-0.18355244398117065	-0.7750470042228699	1.3083709478378296	-0.9868220090866089
0.0537416972219944	1.3599194288253784	-1.2908443212509155	-0.799421489238739	-1.541792869567871	0.10651551932096481
1.4027676582336426	0.7552095055580139	-0.028695711866021156	-0.9130901098251343	-1.4062516689300537	-0.44122952222824097
0.2675361633300781	-0.898973822593689	-1.4804141521453857	-0.9806353449821472	1.2881433963775635	-0.06363160163164139
-1.441711664199829	0.6083735227584839	-0.9737991690635681	-1.3628778457641602	1.4245555400848389	-0.8983066082000732
-1.1259747743606567	-0.39905649423599243	1.3036741018295288	-0.15657977759838104	0.8109155297279358	-0.38839852809906006
0.6035541892051697	0.9642746448516846	1.5669853687286377	-0.08562324196100235	1.1461018323898315	1.567187786102295
-1.3283997774124146	-1.3602272272109985	0.2847477197647095	-0.18602876365184784	-1.233812928199768	-2.06199312210083
-1.7180570363998413	1.612703800201416	-0.2470613420009613	0.3016831576824188	0.8480321764945984	-0.7500731348991394
-0.014216315001249313	0.8170096278190613	1.6550627946853638	-0.27569517493247986	0.882552444934845	1.5057687759399414
-0.16815383732318878	0.0752309113740921	-0.5604006052017212	-0.03895731642842293	-1.5549372434616089	-0.03860918805003166
0.5636906623840332	-1.1269367933273315	0.6405182480812073	-1.5920137166976929	-1.2057007551193237	-1.9172292947769165
1.4595164060592651	-0.4977503716945648	1.0592892169952393	0.5326667428016663	-0.4040166139602661	0.7981196641921997
-1.6847769021987915	0.44593730568885803	1.3486146926879883	0.9987860321998596	0.15135382115840912	-0.03147575259208679
0.14429374039173126	-1.2434557676315308	0.877815306186676	-0.6837459802627563	0.15583616495132446	-0.789940357208252
-1.7402112483978271	-1.1738325357437134	-0.29686835408210754	-0.7384677529335022	-0.9351603984832764	-2.4521868228912354
0.6008448004722595	0.7604724168777466	0.216670423746109	-0.9936071038246155	0.8243563175201416	0.01865370012819767
0.9456609487533569	-1.227391242980957	1.5837405920028687	-0.9469080567359924	-1.2572420835494995	-1.1091411113739014
-0.7386289834976196	-0.21281683444976807	-0.1483151763677597	-0.6003752946853638	0.9302890300750732	-0.5764623880386353
-0.7955723404884338	1.4447824954986572	-0.14633600413799286	-1.0733176469802856	-1.592754602432251	-1.5393224954605103
-0.09621855616569519	-1.2796434164047241	-0.5572970509529114	0.8839347958564758	0.4969371259212494	-0.017920328304171562
-1.655443549156189	0.964093804359436	-1.2098159790039062	-0.9416592717170715	0.0577610619366169	-1.1834546327590942
1.3330360651016235	-1.2891184091567993	0.9464852213859558	0.20576955378055573	-1.0989965200424194	-0.4764055907726288
0.5355633497238159	0.511664867401123	1.2404807806015015	0.09124176949262619	-0.6550962328910828	0.7201147675514221
1.4120514392852783	-0.5028897523880005	1.603613257408142	-1.551082968711853	-1.1815383434295654	0.210059255361557
0.6806710958480835	0.8846089243888855	1.0332800149917603	0.7920636534690857	-0.3206191956996918	1.4719665050506592
1.7251842021942139	1.6595572233200073	-1.3995202779769897	-1.1071782112121582	-0.5779988765716553	-0.9806501269340515
1.1157972812652588	-0.6624505519866943	0.37399446964263916	0.2785401940345764	0.6927130222320557	0.5461958050727844
-0.37949836254119873	-1.4723163843154907	0.2572193741798401	0.7904216051101685	0.9807390570640564	-0.714454174041748
-1.1617331504821777	0.47821319103240967	-0.6106693148612976	-1.7075220346450806	-1.5953748226165771	-2.0691893100738525
1.5788249969482422	-1.1246795654296875	-0.7770094871520996	-1.3893418312072754	-1.0018469095230103	-1.6823279857635498
-0.41254836320877075	-0.4609759747982025	-1.05791175365448	-1.4655555486679077	-0.39995694160461426	-1.057569146156311
-1.5840673446655273	1.262789011001587	-0.5344283580780029	-0.7131808400154114	-1.3536717891693115	-1.7206820249557495
-0.8114548921585083	-1.3960379362106323	-0.7870175242424011	1.3197325468063354	-0.16032510995864868	-0.41751688718795776
1.0384531021118164	1.4268629550933838	0.012499639764428139	0.9499301314353943	1.765790343284607	1.3571641445159912
1.1696857213974	-0.9992486834526062	-1.1018725633621216	1.2931536436080933	0.784985363483429	1.151981234550476
-0.1648339033126831	1.6807434558868408	1.6208970546722412	0.05002317577600479	-0.8587962985038757	1.2388231754302979
-0.8138632774353027	0.5742666125297546	-0.9237474203109741	1.50527822971344	0.03280451521277428	0.8416029810905457
0.26480478048324585	1.1414034366607666	-0.5960080027580261	-0.9738637804985046	-1.1353212594985962	-0.3752099573612213
-0.05385775864124298	1.5720059871673584	-0.2669280469417572	-1.0436997413635254	-0.7842102646827698	-0.38724663853645325
-0.6605254411697388	-0.4564029574394226	-1.4748963117599487	1.310720443725586	0.7355343103408813	0.9517248868942261
0.7748332619667053	-0.21000021696090698	-0.6623445749282837	0.6681151986122131	-0.1421259045600891	0.5581470131874084
0.12179388850927353	-1.5268640518188477	-1.3300224542617798	1.3265324831008911	-1.6697269678115845	-0.1633947640657425
-0.8098067045211792	-0.01694781519472599	-0.5815308094024658	0.09498196840286255	1.6006412506103516	0.02626624144613743
-1.1456425189971924	0.7879453897476196	0.7777434587478638	-1.4744726419448853	1.7704850435256958	-0.6506332755088806
0.6008243560791016	0.2465575635433197	-1.4580024480819702	0.45165079832077026	0.2297847867012024	1.4273430109024048
-0.8853276968002319	-1.6455708742141724	-0.2863161265850067	-0.3123452961444855	1.5676207542419434	-0.7938684225082397
-0.4188478887081146	-1.5093169212341309	0.5674231648445129	-1.0020724534988403	-1.4263334274291992	-2.381754159927368
-0.6621308326721191	-1.4218863248825073	1.5458647012710571	1.6176650524139404	-1.1561968326568604	-0.03439802676439285
1.7392312288284302	1.4767266511917114	0.3923678398132324	0.013334184885025024	-0.9891502261161804	-1.054296851158142
-1.3614405393600464	0.7944137454032898	1.2555656433105469	1.6186755895614624	1.6490871906280518	0.7779178619384766
1.543294072151184	-0.5751343965530396	1.5035830736160278	-1.4491275548934937	-1.085377812385559	0.04300732910633087
-0.4914890229701996	0.8824304938316345	0.7850667238235474	-1.6579054594039917	-0.5779901742935181	-0.8186432719230652
1.104421854019165	0.21940761804580688	-0.12820734083652496	-0.39670175313949585	-1.4758589267730713	-0.06124632805585861
0.12998105585575104	0.9444677829742432	-1.369694709777832	1.5726888179779053	-0.3467094600200653	1.895187258720398
-0.9525526165962219	-0.19772352278232574	1.029050588607788	-1.4558570384979248	0.4620005190372467	-1.3472087383270264
1.3567651510238647	-1.5625678300857544	-0.004823391325771809	-1.5070563554763794	0.3372191786766052	-1.984547734260559
-0.771849513053894	1.6710790395736694	0.15410499274730682	0.31326350569725037	-0.6488913297653198	-0.18554483354091644
1.0989495515823364	0.3899109959602356	-1.1123665571212769	-0.862399160861969	0.11659619957208633	0.8350242376327515
-0.4974334239959717	-0.3225961923599243	-0.2946852445602417	0.8756073117256165	-1.6883301734924316	-0.6078153252601624
0.9625893235206604	0.8864145278930664	-1.1328798532485962	0.49903762340545654	1.1789904832839966	1.269809365272522
-1.6295608282089233	0.5219334363937378	1.6328442096710205	0.593174934387207	-1.063073754310608	-0.3494226634502411
1.5497089624404907	0.7055702805519104	-0.6604143977165222	0.2530857026576996	-1.6854147911071777	0.34154045581817627
-0.8935034275054932	-0.7289330363273621	1.2460658550262451	-0.2758079767227173	0.304747611284256	-0.6104778051376343
-1.3404450416564941	1.519899606704712	-0.7058594226837158	0.03462715446949005	-1.6355515718460083	-0.9787009358406067
-1.2773122787475586	1.3617362976074219	-1.6516183614730835	-0.9758353233337402	1.2463791370391846	0.5137673616409302
-0.04441681131720543	0.2593275308609009	1.5285611152648926	1.3164658546447754	1.2920664548873901	2.2963550090789795
1.581779956817627	-0.8176190853118896	0.05441822484135628	-0.5870861411094666	-1.688430905342102	-0.6724538207054138
-0.5438375473022461	0.27314385771751404	0.8782517313957214	1.6915725469589233	-0.15054835379123688	0.9840595126152039
0.5614649057388306	0.3108949661254883	0.7793866991996765	0.45017194747924805	-0.4725688695907593	0.6261749267578125
-0.3527681529521942	-0.5973742008209229	0.9515682458877563	-0.5308053493499756	-1.4259604215621948	-0.9347299933433533
-1.3182703256607056	1.2431824207305908	0.8388806581497192	1.5349723100662231	-1.5142631530761719	-0.1711932271718979
-1.5550354719161987	-0.9118072986602783	-1.4298979043960571	1.6558505296707153	-0.8896984457969666	0.3873406946659088
0.27132752537727356	0.8261001706123352	-0.16836340725421906	-0.6757512092590332	-0.22947236895561218	0.33149585127830505
-0.9329026937484741	0.7733644843101501	1.037413477897644	0.3043386936187744	0.3120536804199219	-0.08065585792064667
0.7650226950645447	-0.5950579047203064	-1.046706199645996	0.4664075970649719	1.7751450538635254	1.2566733360290527
-0.29729047417640686	-1.2791075706481934	1.1392134428024292	0.11608035862445831	0.9321804046630859	-0.2070850133895874
-1.5387578010559082	-1.5784939527511597	-0.04247536510229111	1.5973081588745117	-1.3100680112838745	-0.2157645970582962
1.072424054145813	0.5908696055412292	-1.288702130317688	1.5701700448989868	1.5712709426879883	2.3389997482299805
-0.4424869120121002	0.15948925912380219	-1.0670572519302368	-1.2251496315002441	1.2340633869171143	-0.3273041844367981
-0.4748689830303192	-1.477573275566101	0.16503159701824188	-1.0687955617904663	-0.1509729027748108	-1.830042839050293
1.7286856174468994	1.4396153688430786	1.290064811706543	1.0441726446151733	-1.3655569553375244	-0.13035202026367188
-1.318118691444397	0.42125076055526733	1.6334670782089233	-0.3085152506828308	-1.4844801425933838	-0.7109936475753784
-0.9568736553192139	1.5771600008010864	-1.2701480388641357	1.5000905990600586	-1.0365411043167114	1.1926096677780151
1.4147937297821045	0.7008091807365417	-0.35036221146583557	-0.6087219715118408	1.4590280055999756	0.33296653628349304
-1.5372272729873657	-1.6562658548355103	-0.15293782949447632	-1.1328576803207397	0.30396348237991333	-1.9934099912643433
0.7580434083938599	-0.5038942098617554	-1.6052988767623901	1.5610723495483398	0.6276420950889587	2.010697841644287
-1.7105233669281006	-0.590394914150238	-1.3264838457107544	-0.4583628475666046	1.24893319606781	-0.36533477902412415
-0.8230651617050171	-0.25085604190826416	0.6877928972244263	0.21418234705924988	1.386175513267517	0.31142663955688477
0.4808975160121918	-0.6015429496765137	1.3977224826812744	0.2724284529685974	-1.3055293560028076	0.25897565484046936
1.0290316343307495	-1.1355228424072266	-1.1858106851577759	-0.9460561871528625	0.7956175208091736	-0.39236071705818176
-0.09168641269207001	1.0615522861480713	1.3448848724365234	1.1639763116836548	1.2684725522994995	2.0323562622070312
-0.2704372704029083	-0.9995113611221313	0.4618031680583954	-1.3030610084533691	0.031803641468286514	-1.3900785446166992
-0.24234819412231445	1.5533690452575684	0.8355594277381897	-1.5208323001861572	-1.312882423400879	-0.3478441536426544
-0.985515296459198	1.0913580656051636	-1.0419114828109741	-1.429592251777649	-1.3130420446395874	-0.9767172932624817
0.5505459308624268	-1.3169033527374268	-0.2542387843132019	-1.2988736629486084	0.10016989707946777	-1.6825705766677856
-0.8770318627357483	0.07857844978570938	0.03766921907663345	0.7087897062301636	-0.799717128276825	-0.41848117113113403
1.3801426887512207	0.28578951954841614	1.7270536422729492	0.7557665109634399	0.12053894251585007	2.0012874603271484
0.3271704316139221	0.6879031658172607	-0.5877399444580078	0.1805529147386551	1.149153232574463	1.2453875541687012
1.7238363027572632	-1.1037629842758179	0.14621874690055847	-0.8627583980560303	0.2928948402404785	-0.7822539210319519
0.3289690613746643	0.9582855105400085	-0.5176077485084534	-0.504081666469574	-0.7370206117630005	-0.0482235923409462
-0.46252068877220154	0.1716291904449463	-0.7020604610443115	-0.3279891014099121	-0.929916262626648	-0.41380104422569275
0.11688339710235596	0.9132688641548157	-1.688460350036621	-0.3874724209308624	-1.6198933124542236	1.1668310165405273
0.41923046112060547	0.9044075012207031	-1.1870852708816528	1.1015965938568115	0.7827831506729126	1.7734036445617676
-1.1022416353225708	-1.0831743478775024	-1.274538516998291	0.6663641333580017	-0.5935269594192505	-0.35722634196281433
-0.8535969257354736	-0.1478223353624344	0.1773362159729004	-0.7427834272384644	-0.5478535890579224	-1.3343323469161987
0.1265319138765335	1.5836303234100342	0.4520459771156311	0.14871837198734283	1.6537325382232666	1.3657795190811157
-0.0833933874964714	-1.5360877513885498	1.1655322313308716	0.6706715822219849	-0.7556921243667603	-0.9485552906990051
-0.5873023271560669	-1.5620074272155762	-1.2418562173843384	-1.6183682680130005	-0.5793793797492981	-2.1404945850372314
1.100892186164856	0.5853307843208313	1.3130359649658203	-0.8030194640159607	-0.08124419301748276	0.7341096997261047
0.4858073890209198	0.5181682705879211	-1.133089303970337	-0.32683104276657104	0.7418707609176636	1.2738882303237915
-1.1828351020812988	0.805483877658844	0.12934757769107819	1.3213386535644531	-1.7047847509384155	-0.49597492814064026
-0.4099860191345215	0.5305089354515076	-0.9013269543647766	-0.6818886399269104	1.3981120586395264	0.32193517684936523
-0.13055036962032318	-0.36607998609542847	-0.7078399062156677	0.3088943660259247	-0.19616711139678955	-0.19644516706466675
1.4534355401992798	-0.1355205476284027	0.7767734527587891	-1.7125451564788818	-1.4396101236343384	-0.4369385242462158
0.9405386447906494	-0.44363299012184143	-0.33405351638793945	0.1876092255115509	-0.8632270097732544	-0.013068052008748055
1.2914042472839355	0.760504424571991	-0.33223018050193787	0.07728536427021027	-0.10596676170825958	0.5576650500297546
0.6487053036689758	-1.229255199432373	-0.3474603593349457	-1.2407751083374023	0.18202702701091766	-1.48015558719635
-0.0793292447924614	-1.1498042345046997	-1.4515577554702759	-1.1192282438278198	-1.4308068752288818	-0.9864850640296936
-1.587003231048584	0.6014242172241211	-1.2585937976837158	0.74943608045578	0.11399935185909271	-0.36310911178588867
0.6960031390190125	-1.2812219858169556	-0.4461091160774231	0.7580017447471619	-0.9810610413551331	-0.6161014437675476
-0.5494117140769958	-0.6540762782096863	0.9785891175270081	-0.8887211680412292	-0.5253511071205139	-1.3485584259033203
0.7442750334739685	0.22151122987270355	1.3234976530075073	-1.1535764932632446	-1.5585297346115112	0.1827428936958313
-1.566230058670044	1.0290554761886597	1.040392279624939	-1.2948817014694214	1.7057005167007446	-1.0532629489898682
0.8011857867240906	0.9390926361083984	0.5398032069206238	0.3079461455345154	-1.4001343250274658	0.6082478165626526
1.357309341430664	1.3948707580566406	-1.6755927801132202	1.7184431552886963	0.030020587146282196	1.5229347944259644
1.711398959159851	-0.5791338086128235	1.1837228536605835	1.3916656970977783	-0.04576360806822777	1.4175100326538086
-1.4536112546920776	1.5501940250396729	0.15791884064674377	-0.04508135840296745	1.5323288440704346	-0.2958804965019226
-0.06913166493177414	-0.8696413636207581	1.659151554107666	-0.8077993392944336	-1.5960668325424194	-0.742159366607666
-1.6250648498535156	-0.7419280409812927	-0.3269897997379303	1.4594905376434326	0.08154322952032089	-0.29975005984306335
-0.5027034878730774	-0.011850663460791111	0.4871593415737152	-0.09746653586626053	-0.02176942117512226	-0.42278194427490234
1.1530967950820923	1.483302354812622	1.0648047924041748	-0.21369031071662903	-0.7994836568832397	0.03349538519978523
-0.2874962389469147	0.1550728976726532	1.0168931484222412	1.0073761940002441	1.4620403051376343	1.021683692932129
1.4543112516403198	-0.42359188199043274	0.3775254487991333	-0.560143232345581	1.7748099565505981	0.5877086520195007
0.5908186435699463	0.21038612723350525	-1.1780998706817627	-0.08540799468755722	1.6304047107696533	1.4300527572631836
0.30642616748809814	1.507176399230957	0.7290590405464172	-1.5257837772369385	-0.3914550840854645	-0.4794824719429016
-1.5332567691802979	1.5251966714859009	0.9536568522453308	-0.742428183555603	1.4261951446533203	-0.6233170628547668
0.43519270420074463	1.4475294351577759	0.18140636384487152	-0.45484659075737	1.0754485130310059	0.4033198654651642
1.483681082725525	0.5875128507614136	-0.04856499657034874	0.5014808177947998	0.027266277000308037	1.197678804397583
1.013975739479065	-0.7526012659072876	0.18336716294288635	-1.5719479322433472	-1.0487784147262573	-1.2222224473953247
1.3286559581756592	0.7714062929153442	0.31757330894470215	0.14016379415988922	0.4521990120410919	0.877497673034668
-0.03951539471745491	1.0526448488235474	-0.33673593401908875	1.6176434755325317	-0.10573667287826538	1.545556664466858
1.3660271167755127	1.427119255065918	-0.44990548491477966	1.1332262754440308	-0.9262452125549316	0.1704264134168625
-1.4111865758895874	0.07602324336767197	0.5169221758842468	0.18856289982795715	-1.1335736513137817	-1.1831867694854736
1.6064552068710327	-0.6067990064620972	-0.7975746989250183	-0.3899085223674774	-1.1297738552093506	-0.06869342923164368
-1.255329966545105	-1.0221402645111084	0.34399840235710144	-1.2623218297958374	1.5788238048553467	-1.630159616470337
-0.6743310689926147	0.07083158195018768	0.18553900718688965	-0.24929353594779968	1.248401165008545	0.019748495891690254
1.1839520931243896	1.295842170715332	-0.23979367315769196	-1.5883558988571167	-1.1906377077102661	-1.0535674095153809
1.3698177337646484	1.459025263786316	-1.439149022102356	-1.3112878799438477	-0.5691309571266174	-0.6845363974571228
-1.4592148065567017	0.3133055865764618	-1.6754238605499268	-0.19901907444000244	0.4255787134170532	-0.023002294823527336
1.5164251327514648	-1.504418969154358	-0.42517080903053284	0.5216629505157471	1.0734710693359375	-0.17367073893547058
0.7887126803398132	0.1778091937303543	-1.1912778615951538	-0.3430526554584503	-1.4678795337677002	0.494462251663208
-0.48203045129776	-1.337920069694519	1.1156059503555298	-1.1200851202011108	-1.0199778079986572	-1.1595964431762695
0.30287811160087585	0.07889042794704437	-0.47788161039352417	-1.257277250289917	-0.8572558164596558	-0.9942032694816589
0.43604278564453125	1.0236575603485107	0.32740992307662964	-1.1300677061080933	-0.38260403275489807	0.13393659889698029
0.38945305347442627	1.5271122455596924	1.578207015991211	-0.8808595538139343	-1.2375785112380981	0.40896373987197876
1.4033710956573486	-1.362028956413269	-1.4361586570739746	-0.173996239900589	1.5646555423736572	0.08969413489103317
0.8577991127967834	0.7782907485961914	1.4196362495422363	0.9371439814567566	-0.6400659084320068	1.5853215456008911
0.22888311743736267	-1.136025071144104	-1.6498054265975952	-1.240659236907959	-0.5580152869224548	-0.9440228939056396
0.23667868971824646	0.6648730635643005	-0.478418231010437	1.2529135942459106	-0.34110385179519653	1.4305813312530518
0.4242861270904541	-0.741353452205658	-0.1318330317735672	1.1756601333618164	0.14022669196128845	0.5448951721191406
1.0726665258407593	-1.3349133729934692	0.935350239276886	0.5527938008308411	1.041049599647522	0.11955563724040985
0.711259126663208	-0.6929703950881958	1.0460251569747925	0.26475659012794495	-0.27765733003616333	0.29853829741477966
1.2204991579055786	0.11605887115001678	-0.7418488264083862	-1.3511743545532227	-0.7086105942726135	-0.29105886816978455
-0.7756201028823853	0.042536307126283646	0.19296078383922577	0.6380894184112549	-0.6064102649688721	-0.05849268287420273
-1.5702828168869019	0.8780089020729065	-1.1181509494781494	-0.18339687585830688	0.7944079637527466	-0.6204708218574524
-0.9391673803329468	0.7635560631752014	1.000967025756836	-1.4280058145523071	-1.4676083326339722	-1.56119704246521
0.8950087428092957	0.4964531362056732	-1.4459447860717773	-0.09688032418489456	-0.7305309772491455	1.2003992795944214
-1.2849931716918945	-0.9520031213760376	0.013155249878764153	0.38354283571243286	-1.0632246732711792	-1.0935226678848267
0.9009048342704773	1.2644495964050293	-0.784558892250061	-0.05323214828968048	-1.4275184869766235	0.07066265493631363
0.5729747414588928	0.003217786317691207	-0.18381628394126892	1.4070625305175781	-0.11594464629888535	1.0422141551971436
0.7575504779815674	-0.07484226673841476	0.19823665916919708	-1.0867973566055298	-1.3026771545410156	-0.6611345410346985
0.8946951031684875	-0.9642020463943481	1.1299660205841064	1.5879743099212646	0.619561493396759	1.1272690296173096
-1.5197895765304565	-1.032601237297058	0.44344717264175415	-0.014917216263711452	-1.6867421865463257	-1.851531982421875
0.2279949188232422	0.8331196308135986	-0.23434114456176758	0.8949319124221802	-0.9846667647361755	0.5280500650405884
-1.2176722288131714	-1.2130515575408936	-0.14199711382389069	1.4266598224639893	-1.535844087600708	-0.838309109210968
-0.3963782787322998	-0.10164686292409897	1.6870601177215576	0.9556611180305481	0.3960157036781311	1.3409756422042847
1.1726113557815552	0.8711454272270203	0.04126269370317459	0.8766375780105591	-1.011545181274414	0.827117383480072
-1.2217986583709717	0.0997300073504448	1.6321280002593994	0.9784248471260071	1.3003640174865723	0.9403620958328247
-0.8505374789237976	1.5826528072357178	1.0273829698562622	-1.199375867843628	-0.8380977511405945	-0.2098570019006729
0.8722781538963318	1.484700322151184	-1.1017097234725952	-0.6405124068260193	0.15444022417068481	0.17838670313358307
-1.0035929679870605	1.423401117324829	0.9622653126716614	-0.9991765022277832	1.6932049989700317	0.1834651678800583
0.9049596786499023	1.5465357303619385	0.8994825482368469	-0.6577492356300354	-1.0766284465789795	-0.4423508048057556
-0.08485013246536255	-1.047974944114685	0.35946357250213623	1.3836466073989868	-0.6955687403678894	0.08019818365573883
1.739309310913086	0.005978680681437254	-1.4091988801956177	1.0141550302505493	0.7714131474494934	2.243088960647583
-0.2863101363182068	0.7638741135597229	1.6952509880065918	-0.768074631690979	0.21481311321258545	0.9547404646873474
-0.5935459136962891	-1.5004358291625977	-1.5945532321929932	-1.4838354587554932	1.6365635395050049	-0.6503573656082153
-0.6315890550613403	0.8879566192626953	0.23668694496154785	-0.9695766568183899	0.004010507371276617	-0.4234612286090851
0.8559905290603638	-0.3028796911239624	0.26733657717704773	1.5323363542556763	0.626309871673584	1.4188135862350464
0.5388343930244446	-0.5753995776176453	-1.672446370124817	-1.447964072227478	0.14026959240436554	-0.20457038283348083
-0.32710158824920654	-0.708716094493866	-1.4149800539016724	0.6206958293914795	0.9989945888519287	0.6561805009841919
0.9165762662887573	-0.36756694316864014	1.339931845664978	-0.15623587369918823	1.2282127141952515	0.8303335905075073
0.4249002933502197	1.7070249319076538	-1.4067076444625854	1.3570225238800049	-1.4215526580810547	1.7044954299926758
-1.5724678039550781	-0.33618587255477905	0.5550204515457153	-1.662574052810669	0.9470495581626892	-1.9731969833374023
-1.6375585794448853	1.451924443244934	0.056507788598537445	-1.434893250465393	1.577989101409912	-1.7158997058868408
-1.066744089126587	-1.482325792312622	-1.3164451122283936	-1.0458060503005981	-0.024429237470030785	-1.378355622291565
0.23285678029060364	-0.48243996500968933	0.558314323425293	-0.28942811489105225	0.9545931220054626	-0.14413119852542877
1.148324728012085	1.7273730039596558	-0.666363000869751	1.5818766355514526	-0.8462060689926147	0.4623020589351654
-0.25763770937919617	0.9494379162788391	-1.2621817588806152	1.3307218551635742	1.0359658002853394	2.0848848819732666
0.35919424891471863	1.397235631942749	-1.423536777496338	1.2383875846862793	-0.32234641909599304	1.7978297472000122
0.8357548713684082	-1.2722828388214111	1.16084623336792	-1.4855576753616333	0.8617801666259766	-1.0189863443374634
0.8442579507827759	-0.07008993625640869	0.989679753780365	-0.3771192729473114	1.4841604232788086	0.7680774331092834
-1.4927469491958618	-0.8464325666427612	0.7764720320701599	0.3224649727344513	1.0490734577178955	-0.6248130202293396
0.28017720580101013	-1.5859287977218628	-0.9324793219566345	1.130803108215332	1.6886942386627197	-0.03938552364706993
1.3835612535476685	-1.3060885667800903	-0.4878862500190735	-1.5512871742248535	0.6347865462303162	-1.4692902565002441
0.688566267490387	-0.0336749292910099	-0.46764034032821655	-0.11791738867759705	1.162690281867981	0.821272611618042
0.1137450635433197	-1.5495009422302246	-1.3313604593276978	1.4354723691940308	0.523327648639679	0.3068430423736572
0.22637712955474854	-0.028828971087932587	1.4930627346038818	1.0928913354873657	-0.48799681663513184	1.2856359481811523
0.40525364875793457	0.06337488442659378	-1.1430374383926392	-1.2238613367080688	1.7043216228485107	0.3437162935733795
-1.5160588026046753	0.5620871186256409	1.7018640041351318	-0.6917312741279602	-1.6190787553787231	-0.6114987134933472
-1.4536092281341553	-0.4602930247783661	-0.350028932094574	-1.0147550106048584	-0.17637979984283447	-1.6816420555114746
1.3647871017456055	-0.7506868839263916	-1.6911978721618652	-1.529543399810791	0.3973856270313263	0.4071163833141327
-0.3904726505279541	-1.1956404447555542	-1.0216970443725586	1.0658364295959473	-0.8748031854629517	-0.2790091633796692
0.5426055788993835	-0.314901739358902	0.14846743643283844	-0.7712663412094116	0.2992834746837616	-0.11522862315177917
0.9489240646362305	-0.6258205771446228	1.2811182737350464	-0.22210021317005157	-1.3547383546829224	-0.029489675536751747
0.1421116590499878	0.6445904970169067	-0.31103426218032837	-0.7580974102020264	-1.2345637083053589	-0.3554345667362213
-0.9714645147323608	1.2428617477416992	-0.04257799685001373	0.1349899172782898	-1.6455663442611694	-0.7333813905715942
-0.031841591000556946	-1.0914183855056763	-0.8738822937011719	0.08518557250499725	-1.2176156044006348	-0.7929207682609558
0.5640062689781189	1.0229015350341797	-0.8421086072921753	0.152487114071846	1.0057365894317627	1.279423713684082
-1.397698998451233	1.6641390323638916	1.4648605585098267	-0.9444822669029236	-0.9876013994216919	-1.1836528778076172
0.5037491917610168	-1.1223429441452026	-0.5671453475952148	-1.1174137592315674	-1.6426714658737183	-1.735016942024231
-1.5896527767181396	-1.446385145187378	-1.3775583505630493	-0.9078081846237183	-0.27534219622612	-1.1845792531967163
0.4727465808391571	-0.03788776323199272	-0.1813821643590927	0.46366646885871887	-1.3595753908157349	-0.1233406588435173
0.20675212144851685	0.969780445098877	-0.9883521795272827	0.0938481017947197	0.03165419399738312	1.3356958627700806
-0.7465410828590393	0.4967609643936157	0.8894303441047668	-1.130866289138794	-1.5495893955230713	-1.2811297178268433
-1.6238373517990112	1.5407955646514893	-0.507742702960968	-0.7083263397216797	-1.6250808238983154	-2.19754695892334
-0.4847940504550934	1.732708215713501	1.4771928787231445	0.6126514673233032	0.485107421875	1.7745633125305176
-1.6288022994995117	1.1687870025634766	-0.3999912440776825	-0.9843392968177795	-0.37199342250823975	-1.261799931526184
-0.3497883379459381	-0.2970670461654663	0.8972906470298767	-0.6911863088607788	-0.3009684681892395	-0.7031789422035217
-0.03840458020567894	-1.6463931798934937	0.5864055752754211	1.5840197801589966	0.44292956590652466	0.02339215762913227
-1.6066714525222778	1.4979604482650757	-0.9260797500610352	1.7085003852844238	1.5400822162628174	0.23177948594093323
-1.3834495544433594	-0.44927433133125305	-0.5441497564315796	-0.9965390563011169	-0.15242430567741394	-1.7123713493347168
1.064329981803894	1.0518150329589844	-1.6649401187896729	1.1762315034866333	-0.4605749845504761	2.2904257774353027
-0.32662495970726013	-1.3009389638900757	-1.6839847564697266	-0.13429662585258484	0.9819623231887817	0.15438063442707062
-0.3116309940814972	-1.6028108596801758	1.2068283557891846	1.1474794149398804	1.0991835594177246	0.3003963232040405
0.5642015337944031	-0.7041206955909729	1.4110393524169922	-0.5539953112602234	0.668255090713501	0.40555205941200256
-0.012319386005401611	0.6323787569999695	0.520959734916687	1.2790591716766357	-1.6995489597320557	0.3809383809566498
0.43528687953948975	-0.4362887740135193	0.33788788318634033	-0.9475165605545044	0.058733172714710236	-0.5158216953277588
1.0445127487182617	-1.014329195022583	0.7096148729324341	1.4838628768920898	1.5826594829559326	0.8704731464385986
0.20685233175754547	0.9106714129447937	-1.2375576496124268	-0.39976271986961365	-0.5445333123207092	0.3250187933444977
0.6105226278305054	1.0208789110183716	-0.09155246615409851	-1.1317105293273926	0.4628979563713074	0.12666930258274078
-0.2990351915359497	1.415488600730896	0.4294295907020569	-0.22255395352840424	1.232412576675415	1.0318968296051025
-0.2334512621164322	0.07335783541202545	0.18508361279964447	-0.6601741313934326	0.06004850193858147	-0.4714486002922058
0.19208203256130219	1.0340790748596191	-1.551633596420288	-1.1810779571533203	-0.44500625133514404	0.5677458047866821
-0.5203130841255188	0.4529595971107483	1.5174076557159424	-1.0816452503204346	-0.9651840925216675	-0.18808509409427643
0.4714600145816803	-0.5652762055397034	0.4676591753959656	1.508955717086792	0.5957221984863281	0.902836799621582
-1.200553297996521	-0.4490795433521271	1.315107822418213	1.4228272438049316	1.4969621896743774	0.36864468455314636
-1.4930901527404785	-0.6073611974716187	0.7112153768539429	-0.22306475043296814	0.2497374564409256	-1.509118676185608
-0.09651823341846466	1.104866623878479	0.19725270569324493	0.9257117509841919	0.41165363788604736	1.0099737644195557
-1.618437647819519	0.8569404482841492	1.5289982557296753	-0.09753648191690445	1.4699996709823608	-0.3348332643508911
-1.059182047843933	-1.1429506540298462	-0.1660221815109253	0.5662239193916321	0.6386526226997375	-0.41324883699417114
-0.54593425989151	1.2782536745071411	-0.47995978593826294	-1.0806617736816406	-0.8856390714645386	-0.8495641350746155
0.2979607582092285	-0.8709913492202759	1.6459338665008545	0.6223622560501099	0.9039052724838257	1.2212475538253784
-1.116664171218872	-0.8575454950332642	-1.1965643167495728	1.229872703552246	0.5807839035987854	0.20627819001674652
-0.9551060795783997	-1.0878080129623413	-0.1672024130821228	-1.3374303579330444	-0.8568667769432068	-2.3488857746124268
-0.18509498238563538	-0.7821369171142578	-0.7168577909469604	0.032584767788648605	0.08657024055719376	-0.2955910861492157
-1.4366523027420044	0.20152874290943146	-0.07797132432460785	-0.5156657695770264	-0.5789368748664856	-1.371834635734558
0.6545934677124023	0.8696290254592896	0.27351096272468567	-0.9461539387702942	0.06495070457458496	-0.1089228093624115
-1.4195367097854614	0.7012597322463989	-0.013488581404089928	1.001655101776123	-0.3467320203781128	-1.046968698501587
-1.0195415019989014	1.7297780513763428	0.19955851137638092	-0.05507097765803337	-1.1424744129180908	-0.17272193729877472
1.0818618535995483	1.175968050956726	1.6928985118865967	-0.6876439452171326	-1.4430458545684814	0.6711819767951965
0.6918042898178101	0.05120406299829483	-1.3450253009796143	-0.06800467520952225	0.825084924697876	1.1128106117248535
-0.47905513644218445	1.025841474533081	-0.17486554384231567	1.6982568502426147	-1.525369644165039	0.713193416595459
0.02138422802090645	-1.1043322086334229	1.3620176315307617	-0.7991940379142761	-1.104580044746399	-0.6166337132453918
0.8456639647483826	0.8758872747421265	-1.6140165328979492	0.6195293664932251	1.1796672344207764	2.4107108116149902
-0.7662166953086853	-1.5320484638214111	1.4300981760025024	-1.6026922464370728	0.46531301736831665	-1.1976025104522705
-0.376742959022522	1.5576088428497314	-0.8222507834434509	1.5272445678710938	1.7130719423294067	2.191802501678467
0.9174804091453552	-0.2354120910167694	1.092928171157837	0.6530478000640869	-0.011777863837778568	0.9729452729225159
0.8038763999938965	0.22032101452350616	-0.6834385991096497	0.384026437997818	1.5617444515228271	1.2115501165390015
-0.6435677409172058	-1.525261640548706	0.6340697407722473	1.324160099029541	-1.0870311260223389	-0.5956805944442749
-0.5433765053749084	-0.6434110403060913	-0.28426995873451233	0.6760700345039368	-1.5616198778152466	-0.8792981505393982
0.27215951681137085	0.4584442377090454	0.48836079239845276	-1.1847994327545166	-1.4392411708831787	-0.12747350335121155
-1.0013859272003174	-1.491991639137268	-0.866375744342804	1.2604024410247803	-0.030290961265563965	-0.207973912358284
0.14216887950897217	-0.08978304266929626	-0.5877302289009094	-0.5909841060638428	-1.0730700492858887	-0.8758563995361328
-1.034134030342102	1.1684370040893555	0.9883619546890259	-1.0780742168426514	1.5600155591964722	0.030622532591223717
1.454400897026062	1.6720631122589111	0.5919602513313293	0.7820454835891724	-0.6880580186843872	-0.6600505709648132
0.6661956906318665	-1.454803705215454	-0.6178421974182129	-0.7513245344161987	-0.5648471117019653	-1.2748175859451294
-1.0864101648330688	1.3067708015441895	-0.9101599454879761	-1.5251731872558594	-0.02265045791864395	-1.4625097513198853
-0.8831204175949097	1.729039192199707	1.6655234098434448	-0.18439148366451263	1.405263066291809	1.084837555885315
0.5049746036529541	-0.7243066430091858	-1.5323710441589355	0.10493019968271255	1.4482704401016235	1.0807007551193237
-0.6913606524467468	1.7077240943908691	-0.3185362219810486	-1.625087857246399	-1.2739131450653076	-0.7343476414680481
-1.0680650472640991	0.26778337359428406	-0.8226065635681152	0.7018737196922302	1.0082730054855347	0.20108820497989655
0.9396893978118896	0.08659303188323975	-1.512187123298645	1.4868723154067993	-1.2518041133880615	2.014648914337158
0.26172977685928345	-0.14847025275230408	1.6569387912750244	0.49517953395843506	0.7464005947113037	1.6025526523590088
-0.5736749768257141	-1.0588144063949585	0.38689935207366943	-0.5588561296463013	0.6804342269897461	-1.100908875465393
-0.6349146962165833	-0.7586638927459717	0.35997799038887024	0.8895752429962158	1.6980524063110352	0.13788171112537384
-1.6805336475372314	-1.5743534564971924	-1.4053914546966553	1.5739703178405762	-0.0013484011869877577	-0.0495537593960762
0.8050407767295837	-1.1065115928649902	1.0666271448135376	-0.45548215508461	-0.04366133362054825	-0.3985525965690613
-1.7095882892608643	-0.5938538908958435	-0.13453632593154907	1.2331397533416748	-0.48594650626182556	-0.8046523332595825
1.095970630645752	1.0819976329803467	1.6156940460205078	1.150817632675171	-0.7136070132255554	1.6540734767913818
-0.9209887981414795	0.31795454025268555	-0.12387163192033768	-1.4915608167648315	-0.7005921602249146	-1.3170559406280518
0.10231255739927292	-0.3997770845890045	-1.679947853088379	-0.461565226316452	1.393754243850708	1.3352891206741333
-1.6768535375595093	0.19875657558441162	0.05441169813275337	0.784358024597168	-1.2865854501724243	-1.350502371788025
1.3810211420059204	-1.1114991903305054	-1.2854669094085693	-1.3165183067321777	-1.5440857410430908	-0.8995979428291321
-1.2464556694030762	-0.14031997323036194	-1.3518991470336914	-1.0496070384979248	0.9104947447776794	-0.869395911693573
-1.190954327583313	-0.46573904156684875	-1.4481464624404907	-1.227256178855896	1.4489353895187378	-0.5893599987030029
-1.544417142868042	-1.2166063785552979	0.17359675467014313	-0.059527430683374405	-0.2673587501049042	-1.427715539932251
-0.9895511269569397	-1.4188898801803589	1.0946904420852661	-0.5234593749046326	1.0969749689102173	-0.8377259969711304
-0.7345625162124634	-1.4310227632522583	-0.7750412225723267	1.3292348384857178	-1.2385762929916382	-0.5473532676696777
1.1129697561264038	-1.2474826574325562	0.16729232668876648	0.6236933469772339	-1.4962928295135498	-0.9439623951911926
-0.15908962488174438	1.591156244277954	-1.304401159286499	0.5321218371391296	-0.6897472739219666	1.5470688343048096
0.974147617816925	-0.7558279633522034	1.0474669933319092	-0.015188479796051979	1.572326421737671	0.578840434551239
1.2870856523513794	1.3436520099639893	0.8852061033248901	-0.23455379903316498	1.0671937465667725	0.14429861307144165
-0.8961427807807922	-0.15109823644161224	1.54511296749115	-1.3196531534194946	1.522243857383728	-0.34635835886001587
1.6408017873764038	1.2150304317474365	0.05230225995182991	1.3373031616210938	0.8568118810653687	0.5592254400253296
0.8481199741363525	-0.2486632615327835	-0.03722592815756798	1.7009801864624023	-0.19494205713272095	1.2402373552322388
-0.855170726776123	-1.3579092025756836	-1.5430611371994019	-0.02288234792649746	-1.5589232444763184	-0.5755550265312195
1.423537254333496	0.9260803461074829	1.2719085216522217	-1.3702025413513184	0.9997394680976868	0.37563204765319824
1.0567840337753296	-0.727254331111908	-0.19056111574172974	1.3715629577636719	-0.643793523311615	0.11277855932712555
-0.5007339119911194	-1.0034024715423584	1.4330780506134033	-0.660820722579956	1.6068085432052612	0.01204773224890232
1.7262852191925049	0.6907680034637451	1.4630157947540283	1.611680269241333	1.3135486841201782	2.314229965209961
-1.4988646507263184	0.2070150077342987	-1.468893051147461	0.21218982338905334	0.7814317345619202	-0.09127795696258545
0.7594507336616516	-0.4094456136226654	-1.3914281129837036	1.4756653308868408	-0.5331152081489563	1.3642919063568115
0.5281403064727783	-0.7972437739372253	1.4667078256607056	0.6220203638076782	0.504471480846405	1.1676640510559082
1.1564974784851074	1.0214695930480957	1.131438136100769	0.9314362406730652	1.2358957529067993	2.0557456016540527
-1.1055527925491333	-1.5269181728363037	-1.139224886894226	-1.5001691579818726	-1.169053077697754	-2.061156988143921
0.24513180553913116	0.28272128105163574	0.10522551834583282	-0.6896196007728577	-0.7010594010353088	-0.3048498332500458
-0.7556380033493042	1.1157264709472656	-1.5301549434661865	0.7636246681213379	1.6988202333450317	1.7303452491760254
-0.5262593030929565	0.7681686282157898	-1.5302302837371826	-1.6054420471191406	-1.1235020160675049	-0.25455835461616516
1.3797756433486938	-1.0786336660385132	-1.2888686656951904	-1.1984425783157349	-0.5933772325515747	-0.8835985660552979
-1.372784972190857	-1.5237853527069092	-0.3401375710964203	1.3757504224777222	-0.19024240970611572	-0.7095187306404114
-1.1940046548843384	1.5819677114486694	1.5426708459854126	-1.0764249563217163	0.6557915806770325	-0.2712841331958771
-0.4427669644355774	-0.06349184364080429	0.484110951423645	-0.8099775314331055	0.07929825037717819	-1.0354597568511963
-1.6863398551940918	0.40059036016464233	-0.6458408832550049	-1.529887080192566	-1.300161361694336	-2.3581113815307617
1.658028483390808	-0.08473588526248932	-0.48108553886413574	1.2742116451263428	0.1865479052066803	1.4601027965545654
-0.27723780274391174	-0.637788712978363	0.9040400981903076	-1.693583369255066	-0.5043540000915527	-1.3985029458999634
-0.8668661713600159	0.9802259206771851	-0.5669934153556824	-1.7053643465042114	0.7722097039222717	-0.7649925351142883
0.51567143201828	-0.9268365502357483	-1.3598798513412476	1.059613823890686	1.2030081748962402	1.255584478378296
-0.9725078344345093	-0.4138365089893341	0.3497878909111023	-1.645939826965332	-0.2580869197845459	-2.0140368938446045
0.4242624342441559	-1.568983793258667	-0.06836258620023727	-1.1725044250488281	0.6285343766212463	-1.9090031385421753
-1.2409512996673584	-0.42781755328178406	-0.17240236699581146	0.5233685970306396	1.536332607269287	-0.26347973942756653
0.5809287428855896	0.04479498043656349	0.30792227387428284	-1.1360807418823242	0.9875665903091431	-0.5851981043815613
0.9130775332450867	0.9942013621330261	-1.6413673162460327	-1.618778944015503	-1.7031067609786987	0.03991927579045296
0.027013884857296944	0.20522591471672058	0.11926127970218658	1.3014063835144043	0.7195358276367188	1.3496747016906738
0.4007166922092438	0.25207650661468506	0.9977439641952515	-0.3368280231952667	-0.28864139318466187	0.4096025824546814
-1.1932287216186523	-0.3541633188724518	0.09180526435375214	-0.290232390165329	0.3449871242046356	-1.1185052394866943
-0.8513129353523254	-1.087972640991211	0.5400292277336121	-1.3471548557281494	0.3852021098136902	-1.7027771472930908
0.2831697165966034	0.7548443078994751	0.22019951045513153	-0.30105483531951904	0.9913420677185059	0.789484441280365
-0.6702348589897156	0.34019795060157776	-0.989035964012146	-0.46877527236938477	-1.6327542066574097	-0.621045708656311
0.7601599097251892	0.049753446131944656	-1.6447410583496094	1.1038260459899902	0.12276998162269592	2.3972420692443848
0.8142617344856262	-1.5972764492034912	-1.2702879905700684	-0.04339028522372246	0.10894660651683807	-0.7603991627693176
1.4628206491470337	-0.6052060723304749	1.5288480520248413	-0.31076866388320923	-0.2332238107919693	1.1427417993545532
1.734329342842102	-0.5459592342376709	-0.01817043125629425	0.04725947976112366	-0.01592499390244484	0.06057963892817497
-1.7391983270645142	-0.3288314938545227	0.44685590267181396	0.6573477387428284	-0.7842471599578857	-1.1530362367630005
-0.876615047454834	1.4028407335281372	0.6605178117752075	-0.4961937963962555	-1.4480998516082764	-0.5897172689437866
0.043350186198949814	-1.2465991973876953	-0.43407827615737915	0.3087679147720337	0.8597419261932373	-0.5940439105033875
1.6682074069976807	-0.8022952675819397	0.5288008451461792	-1.183586597442627	1.545714020729065	-0.013798670843243599
-1.396967887878418	-0.017721565440297127	1.212709903717041	1.562716007232666	-0.4947932958602905	0.07338026165962219
-1.2836171388626099	0.008758789859712124	-1.2256544828414917	1.0325182676315308	-1.1546744108200073	-0.14952461421489716
-0.3577960729598999	-0.9684706926345825	-1.0930794477462769	1.4603307247161865	0.6350568532943726	0.8668402433395386
-0.030672594904899597	-1.555540680885315	0.15206493437290192	-0.14173808693885803	0.7962397336959839	-1.1337405443191528
0.11153820902109146	-0.5277833342552185	0.5489659905433655	-1.2839162349700928	1.0116629600524902	-0.5850343108177185
-1.1225234270095825	1.6347142457962036	0.24857890605926514	-0.6659557819366455	-0.18571671843528748	-0.5571365356445312
1.4264068603515625	0.46564823389053345	-1.2574443817138672	-0.6947525143623352	0.35076218843460083	0.713630735874176
-1.079598069190979	-1.1749104261398315	-0.9102503061294556	-0.20470137894153595	-0.7063779830932617	-1.4577980041503906
1.266512393951416	-1.5840628147125244	1.7049038410186768	1.5491079092025757	-1.5434203147888184	0.14326007664203644
-0.2679072618484497	0.6681181788444519	1.6621181964874268	-1.0523978471755981	-1.2838307619094849	0.1208835318684578
-0.32292240858078003	0.23938791453838348	-1.6828738451004028	1.4171158075332642	-0.8431477546691895	0.9714453220367432
-1.4945282936096191	-1.4104920625686646	-0.9634038209915161	-1.6195183992385864	-1.4124929904937744	-2.096792459487915
0.9201936721801758	0.26950523257255554	1.269294261932373	1.475534200668335	-0.12085094302892685	1.754601240158081
-0.3935561180114746	0.5627979636192322	0.9675034284591675	-1.5048967599868774	-0.6357146501541138	-0.748230516910553
0.9932263493537903	1.5428333282470703	-0.4284595549106598	1.1388014554977417	0.3308557868003845	1.1713818311691284
-1.5338757038116455	0.32470715045928955	0.4791094660758972	-1.6118297576904297	-1.0501207113265991	-2.1389365196228027
1.265016794204712	-1.3404138088226318	0.26441502571105957	-1.3650493621826172	0.8998371362686157	-1.3765816688537598
-0.44202572107315063	-1.192333698272705	0.5949540138244629	-1.57060706615448	0.2872576117515564	-1.7266260385513306
-0.9217173457145691	0.6017754077911377	1.1337007284164429	0.3790716230869293	0.4694424271583557	0.45206373929977417
-0.03926469013094902	-0.49304884672164917	-1.001301884651184	1.5951001644134521	0.7591787576675415	1.1426962614059448
-0.9902775883674622	1.705722689628601	1.1751106977462769	-0.2672707140445709	-1.0889114141464233	-0.3461751341819763
0.0456886924803257	-0.21382595598697662	-1.5296958684921265	1.5788074731826782	1.2072796821594238	1.816901683807373
-0.6024017930030823	-0.2565799355506897	0.37459054589271545	1.5076578855514526	0.4557090401649475	0.6483769416809082
-1.4106299877166748	0.1626376360654831	0.25010672211647034	-1.1389611959457397	1.0390300750732422	-1.5461227893829346
-0.5691186785697937	-1.0626009702682495	0.40817970037460327	-1.1709394454956055	-1.0718427896499634	-2.0678915977478027
1.4832478761672974	-0.6032588481903076	-0.8499203324317932	-0.8185428977012634	1.1802877187728882	0.0608348622918129
0.36787450313568115	-1.2177385091781616	1.2009203433990479	-0.2604188024997711	0.5682622194290161	-0.37542134523391724
0.8646150827407837	-1.4117982387542725	-0.37370172142982483	-0.08159632235765457	1.2227270603179932	-0.9020025134086609
-0.3053545653820038	0.3372146785259247	1.6082093715667725	-1.2148387432098389	0.4037066698074341	0.2676227390766144
0.7525239586830139	-1.46991765499115	0.4891163110733032	-1.1317956447601318	1.46084463596344	-0.9053217172622681
1.3446706533432007	0.8373212218284607	-1.4669429063796997	-0.31136849522590637	0.6369789242744446	1.0614343881607056
-0.2893916368484497	-1.0509591102600098	0.24020765721797943	-0.21529409289360046	0.28777989745140076	-0.949317216873169
-1.3593738079071045	-0.062096208333969116	-1.6183778047561646	0.6910777688026428	0.6238858699798584	0.5901692509651184
0.40343737602233887	1.299612045288086	1.3734591007232666	0.9200769066810608	1.67377769947052	2.1622376441955566
-0.9252573847770691	-0.7632304430007935	-0.6605032682418823	0.45577991008758545	-0.5715336203575134	-0.6751148700714111
-0.43293508887290955	1.5274207592010498	1.631367564201355	-0.20074160397052765	0.16913117468357086	1.1901378631591797
-1.6096402406692505	1.2395472526550293	-1.512784481048584	0.30937516689300537	-1.3666337728500366	-0.5666770935058594
-0.312553733587265	0.8063564896583557	-0.9746580123901367	-0.46777763962745667	1.2451786994934082	0.6329986453056335
0.29802507162094116	-1.5581351518630981	-0.18629154562950134	-1.2269965410232544	-0.7051557898521423	-1.7535711526870728
-0.5223027467727661	-1.0374130010604858	1.0323151350021362	1.467012643814087	1.4490035772323608	0.6330058574676514
0.8831024765968323	-0.7479421496391296	-1.4410797357559204	-1.2729758024215698	-0.8264632225036621	-0.6333528161048889
-1.3152306079864502	0.01601102016866207	-1.2040388584136963	1.1866109371185303	-0.33403080701828003	-0.20452353358268738
0.743463933467865	-1.1414915323257446	-1.208309531211853	-0.8361949324607849	0.5174871683120728	-0.5016380548477173
1.0055832862854004	-1.4103529453277588	0.6812165379524231	-0.973185122013092	-1.595231533050537	-1.7846531867980957
1.0809862613677979	-1.457288146018982	-0.2610909640789032	0.7446790933609009	-1.3206114768981934	-0.8780837059020996
0.6947285532951355	-1.4877300262451172	1.0934852361679077	0.306375652551651	0.4777414798736572	-0.45782995223999023
1.5457969903945923	0.2876361608505249	-1.0481525659561157	-0.8755661845207214	0.1876041144132614	0.6398394107818604
-1.3816841840744019	1.4822875261306763	-0.8628154993057251	-1.6262402534484863	-0.24909740686416626	-1.361732840538025
0.07296542078256607	-0.8282977938652039	1.631828784942627	-1.6109672784805298	-0.782860279083252	-0.703374445438385
-1.706164836883545	-0.7752810716629028	-0.3047831356525421	0.6095784902572632	1.5420937538146973	-0.5804758667945862
1.4942413568496704	-0.023103468120098114	0.3819122612476349	-1.6115593910217285	1.2404314279556274	-0.05274546891450882
0.08056621253490448	-1.6578694581985474	-1.1855920553207397	-0.7224909663200378	-0.40058785676956177	-1.2415024042129517
-0.933947741985321	0.1362481564283371	0.2646888792514801	0.9054174423217773	1.3195230960845947	0.21094827353954315
-0.14875076711177826	-0.5602672696113586	0.4441421627998352	-0.11490284651517868	0.2644326090812683	-0.6762750744819641
0.7791234850883484	-1.3728623390197754	0.8230453729629517	-1.6019692420959473	1.2770754098892212	-1.4704142808914185
0.28027501702308655	-0.6394153237342834	1.1047017574310303	0.2614155113697052	-0.3173367381095886	0.3224237859249115
0.27536076307296753	1.1305620670318604	0.7948693633079529	0.9215642213821411	-0.3473559021949768	1.4072322845458984
0.11558149009943008	-0.31344741582870483	1.4676146507263184	-0.2892626225948334	-1.4976874589920044	-0.013290208764374256
-1.0398250818252563	1.3383111953735352	0.4750693440437317	1.2270208597183228	0.5280497074127197	0.8429486155509949
-1.7194427251815796	-0.48476338386535645	-1.1192607879638672	-1.4241197109222412	0.7340006232261658	-1.5935035943984985
0.8380837440490723	-0.017673423513770103	-1.1618746519088745	-0.6575831174850464	1.5464754104614258	0.43122270703315735
0.6115773916244507	-1.5361064672470093	-1.5815081596374512	0.06669680774211884	-0.5371395349502563	-0.4318815767765045
-0.48100054264068604	0.7212653160095215	-1.4967303276062012	0.19164331257343292	-0.06672299653291702	1.0360970497131348
0.633499026298523	-0.300277441740036	-1.4328676462173462	1.7162325382232666	-0.9936797618865967	1.3342832326889038
0.3258664906024933	-0.9118945002555847	0.5115874409675598	-0.012422115541994572	-0.9919626116752625	-0.9607097506523132
1.6038810014724731	-1.187890648841858	-1.1830164194107056	-0.9015833139419556	-0.8661641478538513	-0.6142799258232117
1.331376552581787	0.19535134732723236	-1.5135209560394287	-0.10577461868524551	-0.9246533513069153	1.1680489778518677
0.028937049210071564	-1.5829752683639526	0.14151227474212646	1.026539921760559	1.5573475360870361	0.12767349183559418
0.5422853231430054	1.2086644172668457	0.8865930438041687	-1.6829520463943481	-1.4480581283569336	-0.5633364319801331
1.058681845664978	-1.176517367362976	1.2926894426345825	0.39896899461746216	-0.4962126612663269	0.09667995572090149
-0.5248516201972961	0.5430072546005249	1.338499903678894	0.6353636980056763	0.6655762195587158	1.1289985179901123
-1.1759177446365356	-0.08494049310684204	0.0472831167280674	-1.0958129167556763	-0.22219642996788025	-1.55277419090271
0.5982730388641357	-0.011984774842858315	-0.8344213366508484	0.41897058486938477	0.5452789068222046	0.7425351738929749
-1.468201756477356	-0.10913106799125671	1.5331777334213257	1.5694129467010498	0.5785770416259766	0.9728162884712219
-1.2535326480865479	-1.3102083206176758	1.0947811603546143	1.5428845882415771	0.6968929767608643	0.24384945631027222
-0.19761399924755096	-1.2220566272735596	-0.8982820510864258	-0.664827287197113	1.2321529388427734	-0.7184748649597168
0.8563916087150574	1.3417911529541016	-0.41046980023384094	1.3690874576568604	-0.11401476711034775	1.408988356590271
-1.5516737699508667	0.7511445879936218	-0.1660250872373581	-1.021964430809021	-0.6955727338790894	-2.021646499633789
1.4255338907241821	0.4293287992477417	0.5182822942733765	1.3956509828567505	1.081677794456482	1.6398026943206787
-0.2046341449022293	-1.0295767784118652	0.5972569584846497	-1.64822518825531	-1.291900634765625	-1.8732088804244995
-0.3885954022407532	-0.9131525158882141	-1.4184526205062866	0.24735155701637268	-0.6488330960273743	-0.1033749207854271
1.5154874324798584	-1.391322374343872	1.2020554542541504	0.7460570335388184	-0.02866915427148342	0.311957985162735
1.727654218673706	-1.1281987428665161	0.07635481655597687	0.5464664101600647	-0.4209396541118622	-0.09481468796730042
-0.2186194807291031	0.017036650329828262	-1.482170581817627	1.3355642557144165	-1.2448495626449585	0.8842196464538574
1.5942661762237549	-1.5366665124893188	0.9508727788925171	-0.7044845223426819	1.5619730949401855	-0.8235098123550415
0.6333341598510742	0.528588056564331	-1.0179275274276733	0.1300906538963318	-1.13128662109375	0.6716893911361694
-0.9020151495933533	1.293785810470581	0.7309768199920654	0.3094319701194763	-0.4004436731338501	0.34122636914253235
0.6722813248634338	0.9789872169494629	-1.7034000158309937	-1.392146348953247	-0.21897776424884796	0.585045576095581
0.27147215604782104	1.410331130027771	-0.6602823734283447	0.11505772173404694	-1.3649876117706299	0.6548154354095459
0.2060619741678238	-1.2960772514343262	-0.775988757610321	-0.6343269348144531	-1.4441038370132446	-1.1680794954299927
0.7470287680625916	0.04114830121397972	0.4140350818634033	-0.759068489074707	1.4911848306655884	-0.12881435453891754
1.5141149759292603	-1.3127939701080322	-1.0528415441513062	0.045380599796772	1.0705991983413696	0.08869486302137375
1.5632847547531128	-1.642743706703186	1.5522234439849854	-0.8281770944595337	-1.188905119895935	-1.136639952659607
-0.21965284645557404	-1.0769002437591553	1.016129732131958	-0.7203251719474792	-1.0685055255889893	-1.1897921562194824
0.8210450410842896	-1.0739463567733765	-1.586719036102295	1.0287244319915771	-0.2907748520374298	0.8794426918029785
1.1329833269119263	0.427865207195282	-0.5014131665229797	-0.4163576066493988	-1.3962817192077637	0.04932625964283943
-1.4006198644638062	0.5881345272064209	1.6891624927520752	0.24166029691696167	-0.9175398945808411	-0.3543355464935303
0.5848261713981628	-0.9228217005729675	-0.02536311186850071	-1.0620949268341064	1.5714983940124512	-0.43377333879470825
1.2326781749725342	-0.2790512442588806	1.139040231704712	-0.0769798532128334	0.6678420901298523	0.9195693731307983
-1.6504379510879517	-0.08651580661535263	0.12301871925592422	-0.026705775409936905	1.1894317865371704	-0.5749956965446472
1.5506247282028198	0.5363752841949463	-0.11622174829244614	-1.134398341178894	-0.2950688600540161	-0.15717172622680664
0.06634332239627838	0.6425583958625793	-0.10104232281446457	0.4420888423919678	-1.179564118385315	-0.18044762313365936
-0.7846425175666809	-0.9363920092582703	0.9604210257530212	0.648981511592865	1.5139518976211548	0.09460660070180893
0.23829667270183563	-1.15590500831604	1.1407705545425415	1.3373397588729858	0.5010386109352112	0.36813437938690186
1.181101679801941	-0.8824487328529358	1.1201651096343994	-0.38202181458473206	1.1500163078308105	0.1273556351661682
1.5203557014465332	-0.40188655257225037	1.4082719087600708	1.6738210916519165	-0.0747930034995079	1.906440258026123
-0.21394050121307373	0.5593164563179016	-1.287410855293274	1.483324408531189	0.021747266873717308	1.580744981765747
-1.3421183824539185	0.9216935634613037	-0.26335787773132324	1.008680820465088	0.3503795266151428	-0.13920900225639343
-1.0416349172592163	1.2876832485198975	-1.0596263408660889	0.7436290383338928	0.4012455940246582	0.4573858678340912
1.0157526731491089	0.40959686040878296	-0.513428807258606	0.39644855260849	-0.07849476486444473	0.982033908367157
0.08796904981136322	-1.5337611436843872	0.16210351884365082	0.7143359184265137	1.424332857131958	-0.3349749743938446
-1.5963239669799805	-0.7574458122253418	-1.133305311203003	0.31933721899986267	-1.0776050090789795	-0.9262195825576782
0.06532381474971771	0.5738064050674438	-1.0974388122558594	-0.33880940079689026	-1.159613847732544	-0.10804066807031631
-0.625460147857666	-0.22281046211719513	0.25987857580184937	-0.8079797029495239	0.5897059440612793	-1.091178059577942
0.1523611694574356	-0.2862085998058319	0.32060208916664124	0.898883044719696	0.665919303894043	0.6087728142738342
-1.6780897378921509	-0.03946290537714958	0.2394189089536667	1.5640093088150024	-0.04970959946513176	-0.4812009930610657
-1.7264678478240967	-1.395084261894226	-0.8983838558197021	0.2968224883079529	1.5030783414840698	-0.5745289325714111
-1.6381714344024658	0.44226163625717163	-1.3086963891983032	-1.2347229719161987	0.17815780639648438	-1.105958104133606
0.3126913905143738	1.3424839973449707	0.34629085659980774	-0.8738417029380798	-0.45137953758239746	-0.13367682695388794
-0.07419396936893463	1.1949970722198486	1.0541799068450928	-0.1463046818971634	1.63846755027771	1.0137033462524414
1.3881343603134155	0.3638944625854492	-0.05663813278079033	-0.25592151284217834	0.2970428764820099	0.5242317914962769
-1.621824026107788	0.33306118845939636	-0.47210317850112915	0.8068794012069702	0.156526580452919	-0.8637098073959351
-1.3853819370269775	-1.0442044734954834	-1.202612042427063	-0.43333548307418823	0.6028410196304321	-0.8671064376831055
1.6513915061950684	-0.09737850725650787	-1.2194247245788574	-0.2691214680671692	1.4308993816375732	1.2005133628845215
-0.2118612378835678	0.48326247930526733	0.16627761721611023	-1.078364610671997	1.708244800567627	0.07237519323825836
-0.22673779726028442	1.7115610837936401	0.9253180623054504	1.437018632888794	-1.5946084260940552	1.3762071132659912
0.9630632996559143	-1.2711132764816284	1.1060113906860352	-0.09581649303436279	0.808515191078186	0.052792053669691086
-0.9577364921569824	1.0573605298995972	-1.1185023784637451	0.34888866543769836	-1.08328115940094	-0.06733281165361404
-0.3383060395717621	-1.255429744720459	1.602077841758728	-1.6716135740280151	0.9246217012405396	-0.8355618715286255
1.0922515392303467	1.0076932907104492	-0.6641870737075806	-0.0921168401837349	0.13293008506298065	0.721860945224762
0.8126471638679504	0.3514629006385803	-1.628844976425171	-1.275256872177124	0.3706516921520233	0.49389564990997314
-0.6645898818969727	-0.3350372910499573	0.5145488381385803	-0.8779747486114502	1.6163365840911865	-0.5813143253326416
-1.461039423942566	-0.9101797938346863	0.8513568639755249	0.29227355122566223	-1.0971566438674927	-1.0776923894882202
0.14333821833133698	0.41516897082328796	-0.3323940336704254	0.20370322465896606	1.3651869297027588	1.0470088720321655
1.3200327157974243	0.8586573600769043	0.03481385111808777	-0.7588377594947815	0.5634378790855408	0.07132627815008163
0.3359067440032959	0.8535088896751404	1.1258790493011475	0.35213613510131836	-1.3303741216659546	0.7702007293701172
-0.711970329284668	1.5490272045135498	-0.35092464089393616	0.5305262804031372	-1.1428937911987305	0.16110031306743622
1.4077736139297485	0.47965189814567566	-1.0734591484069824	-1.5160400867462158	-0.7092105150222778	-0.40443506836891174
-0.2990521192550659	0.6478011012077332	1.5941083431243896	-0.27914735674858093	0.8519684672355652	1.1148825883865356
-1.1983840465545654	-1.53493332862854	0.7606248259544373	-0.6771389245986938	0.1313672959804535	-1.4300810098648071
-1.4811491966247559	0.7653858065605164	1.5410114526748657	0.8036159873008728	0.6513064503669739	0.15526966750621796
-1.3343712091445923	-0.8027781844139099	1.1663708686828613	1.5919803380966187	-1.1575411558151245	-0.02056812308728695
0.4992356598377228	-0.42850303649902344	-0.06747126579284668	-0.28871026635169983	-1.0492194890975952	-0.26959139108657837
-0.2005574256181717	-0.03110620379447937	0.5948148369789124	-0.4028254449367523	0.3051053285598755	-0.15737898647785187
-1.6165664196014404	-0.8433408737182617	-0.26631367206573486	0.01707734912633896	1.3077690601348877	-0.8497066497802734
0.5870460867881775	0.27310287952423096	-0.20563526451587677	0.3288964033126831	-0.008893955498933792	0.6767275929450989
1.5763611793518066	-1.2482614517211914	-0.44790542125701904	1.0404936075210571	-0.5496751666069031	0.13198265433311462
0.8138192296028137	-1.5111937522888184	0.8397879004478455	-0.7172449827194214	1.7145442962646484	-0.8204697370529175
-0.26378482580184937	1.099424958229065	-1.2855987548828125	0.7596389055252075	-0.8595404624938965	1.1162381172180176
1.3037587404251099	0.9099288582801819	0.1691681444644928	1.5560956001281738	1.7616186141967773	1.4720451831817627
1.6459382772445679	0.014027507975697517	0.880939781665802	-1.6183053255081177	1.3960744142532349	0.47053590416908264
1.058823585510254	-0.6735702157020569	-0.9231389760971069	-0.9837443828582764	-0.6859583258628845	-0.5286201238632202
0.4877113699913025	0.9757297039031982	-1.4138411283493042	1.4189932346343994	0.3175877630710602	2.3193607330322266
0.5102204084396362	-1.1129202842712402	0.5594100952148438	-0.9023383259773254	-0.2942366302013397	-1.0328572988510132
0.48117882013320923	-0.1295800507068634	-0.8636336922645569	1.164639949798584	-1.2990366220474243	0.84324049949646
-1.646508812904358	-1.162279486656189	1.4680719375610352	-0.7166818380355835	-0.4484367072582245	-1.268324375152588
-0.3480430543422699	-0.5872434973716736	0.2798660397529602	-1.3003102540969849	1.4479550123214722	-0.8576139211654663
-1.1513348817825317	-0.8778486251831055	-0.5165969133377075	0.9875457882881165	0.896401047706604	-0.4233425557613373
-0.5823954343795776	1.4149912595748901	-0.4410305917263031	0.6518623232841492	1.0103610754013062	0.9758650660514832
0.6124464273452759	1.5943026542663574	1.2917567491531372	0.4733559787273407	-0.47102153301239014	1.1337001323699951
1.6388441324234009	-0.8815127015113831	1.366420865058899	-1.6022619009017944	0.936462938785553	0.030159063637256622
0.06367694586515427	1.0335819721221924	-1.2390429973602295	-0.8244577646255493	0.8925759196281433	0.8606618046760559
1.5094596147537231	0.7705169320106506	1.300673484802246	-0.3461917042732239	1.5721182823181152	1.0659165382385254
-0.8156408667564392	0.4436371624469757	0.6406005620956421	0.022076832130551338	-1.039492130279541	-0.9023528695106506
0.8299059867858887	-1.4969063997268677	1.316877841949463	0.8772301077842712	-0.8158161044120789	-0.3618180751800537
-1.596710443496704	0.0011741191847249866	-1.1050889492034912	0.9909813404083252	-0.815254807472229	-0.298595130443573
-0.38954392075538635	-0.04209989309310913	-0.007853550836443901	-0.21730676293373108	-1.1783407926559448	-0.6502161622047424
0.4056624174118042	-0.026128606870770454	1.6764508485794067	0.08192191272974014	1.2003287076950073	1.6629981994628906
-0.2835528254508972	-0.8733144998550415	-1.293749451637268	1.1557234525680542	0.787857174873352	0.5861535668373108
-0.8149248361587524	1.1968295574188232	1.2050509452819824	-1.0824077129364014	-0.43916478753089905	-0.6183797717094421
0.5634064674377441	-0.46361544728279114	0.9564561247825623	-0.32870790362358093	0.886533260345459	0.2762638330459595
0.26972076296806335	1.0562636852264404	0.8793224096298218	-1.014808177947998	1.309930443763733	0.4915730953216553
0.7487053871154785	-0.02363203652203083	-0.6215996742248535	-0.7841256260871887	-1.0583064556121826	-0.3501923084259033
0.14853112399578094	0.7289661169052124	0.5637192726135254	-0.2185860127210617	1.5034630298614502	0.6583499908447266
1.6853920221328735	0.8168153166770935	-1.2930116653442383	1.4724814891815186	-0.47578710317611694	1.1380343437194824
-1.563377022743225	0.5382383465766907	1.424798607826233	0.01230350136756897	0.20085659623146057	-0.5236429572105408
-0.42690491676330566	-0.7630782723426819	0.610318124294281	-1.2998826503753662	0.4585813581943512	-1.4488235712051392
-0.15300345420837402	-1.5063358545303345	1.7036019563674927	0.3938184082508087	0.9287749528884888	0.14173798263072968
0.4270890951156616	0.45894259214401245	-1.4244401454925537	-1.381060004234314	1.1082303524017334	0.7515046000480652
-1.0790159702301025	0.02922244369983673	0.2826399505138397	1.7057151794433594	0.33647677302360535	0.22022698819637299
1.0998586416244507	-1.5822337865829468	-1.4111747741699219	-0.3464827835559845	-0.4530099928379059	-1.2382044792175293
1.0469173192977905	0.42846283316612244	0.7548108696937561	1.637181282043457	-0.3470832109451294	1.4411038160324097
0.7549469470977783	-1.0200715065002441	1.375476360321045	-1.314513087272644	1.1797764301300049	0.1583319753408432
-0.797071099281311	-0.48359909653663635	0.526813268661499	-1.6287177801132202	0.47987809777259827	-1.546489953994751
1.2343977689743042	-1.1403355598449707	1.1077879667282104	0.20638324320316315	0.6207484006881714	0.3822800815105438
1.6888513565063477	-1.1998002529144287	-0.6201441287994385	-0.2528664171695709	1.0585925579071045	-0.383979469537735
0.606773853302002	0.713051974773407	-1.437276005744934	-0.45558831095695496	0.2486100047826767	0.6054188013076782
-0.5133079886436462	-0.7229127287864685	0.23264430463314056	1.1322904825210571	-0.4811859428882599	-0.18007175624370575
0.7226314544677734	-0.3574298024177551	1.3606383800506592	0.0775778517127037	0.19625337421894073	0.944138765335083
1.1649928092956543	-0.011241869069635868	1.193547010421753	-0.6427838802337646	0.7677604556083679	0.9087987542152405
-1.318855881690979	-0.4003988802433014	-0.40860235691070557	1.3183839321136475	0.3457762897014618	0.12168072909116745
-1.1949005126953125	-0.7536255717277527	-1.5380736589431763	1.5212900638580322	-0.44028612971305847	0.4160495400428772
1.5995848178863525	1.5181485414505005	0.5368303060531616	1.4830560684204102	0.8878869414329529	0.2205660045146942
0.20298758149147034	-0.8177216649055481	-0.5310309529304504	-0.20303966104984283	-1.1316250562667847	-0.8499148488044739
0.19426093995571136	0.6648561954498291	0.1973223239183426	1.2104452848434448	1.1427419185638428	1.2186745405197144
-1.389088749885559	-1.3043774366378784	0.39486607909202576	0.4365728497505188	-0.45684489607810974	-1.5061862468719482
-1.0635194778442383	-0.1955452561378479	-1.6972092390060425	1.6317931413650513	-1.0010931491851807	0.9650349617004395
1.1591017246246338	1.6486444473266602	0.3434980809688568	-1.5298302173614502	-1.5567458868026733	-1.5551948547363281
-1.3788299560546875	-1.4707952737808228	0.4939562678337097	-0.9212767481803894	-0.2608765959739685	-2.0950143337249756
0.037346791476011276	-1.4183026552200317	-0.7029610872268677	-0.5194408893585205	-1.043275237083435	-1.5102367401123047
1.7358441352844238	1.3740684986114502	1.2771700620651245	0.564275324344635	-1.5364501476287842	-0.1675696223974228
0.2888644337654114	0.6596904397010803	0.025907589122653008	-0.5425282120704651	-0.7075250744819641	-0.005613344255834818
-1.5790358781814575	0.407635897397995	1.6485509872436523	0.6922429203987122	1.5214403867721558	0.41783779859542847
0.1816350668668747	0.345083624124527	-0.9793645143508911	0.0030288321431726217	0.6823657751083374	0.9250789284706116
-0.4736483693122864	1.2055021524429321	0.008734961971640587	-0.000250815850449726	-0.584998607635498	-0.04332207515835762
-1.1055885553359985	-0.4796941876411438	-0.4068710207939148	-0.027320992201566696	-0.43185120820999146	-1.3532999753952026
1.1407068967819214	-0.4728372097015381	0.5223725438117981	1.6286036968231201	-0.8881375193595886	1.0125703811645508
-0.2585884630680084	-1.4386091232299805	-0.7236385941505432	-1.293264627456665	1.7301898002624512	-1.382191777229309
-0.8998535871505737	0.8160988092422485	-0.41710540652275085	0.2328607439994812	0.47012364864349365	-0.2136814147233963
-1.3025462627410889	1.0413521528244019	-1.1549328565597534	1.0552279949188232	1.4661160707473755	0.7302039265632629
1.0425995588302612	1.7027561664581299	-1.6914910078048706	-1.2000086307525635	-0.3006194233894348	0.027914686128497124
0.12059152126312256	0.8491506576538086	-0.007669737096875906	-0.5907500386238098	0.3848660886287689	-0.043444059789180756
1.390579104423523	-0.0644858255982399	-0.46723780035972595	-1.5225040912628174	-0.8374603390693665	-0.2960759103298187
0.785348653793335	1.2224112749099731	1.1429872512817383	-1.4934382438659668	0.6792654991149902	-0.013092517852783203
0.8672700524330139	-0.15902173519134521	-1.5704845190048218	-0.47777289152145386	-0.17266963422298431	1.044061303138733
-0.7011193633079529	0.0819573625922203	-0.4325682520866394	-1.5498665571212769	-0.47653764486312866	-1.2036511898040771
0.19652171432971954	-0.22685609757900238	-0.1613241732120514	-0.06593579053878784	0.5603345036506653	-0.12415788322687149
-1.6636159420013428	0.9771909713745117	1.6947169303894043	0.9290909767150879	1.040097951889038	0.11515366286039352
-0.6169201135635376	0.16549545526504517	1.7130100727081299	1.2364420890808105	0.3362107276916504	1.4947540760040283
1.515326738357544	-0.6267039179801941	-0.33951443433761597	0.8025445342063904	-1.6616313457489014	0.36917993426322937
1.5990209579467773	-0.7565666437149048	0.09037094563245773	0.29705581068992615	0.37332168221473694	0.2738257944583893
-0.7106138467788696	1.0469412803649902	-0.5058035850524902	-0.30713051557540894	0.20707561075687408	-0.28017956018447876
0.5029188990592957	1.4358513355255127	0.9461542367935181	0.6160145998001099	-1.4021282196044922	0.7405515313148499
0.06195282191038132	0.1770656406879425	-0.7996912598609924	1.1163920164108276	0.005283192731440067	1.0281299352645874
-1.6481953859329224	0.7618884444236755	0.4999331533908844	-1.7228763103485107	-1.1840182542800903	-2.5159711837768555
0.3280883729457855	1.366613745689392	-1.085633635520935	1.3130606412887573	-0.06243659928441048	1.5995672941207886
-1.23909330368042	-1.227349042892456	1.3108406066894531	-1.4618756771087646	-1.4212065935134888	-1.972668170928955
0.5977796912193298	-1.6535203456878662	1.671350121498108	0.9568207859992981	-1.004237174987793	-0.44833046197891235
0.45002174377441406	1.5307068824768066	1.4330941438674927	0.6339273452758789	-1.4456912279129028	1.0921344757080078
0.04074268788099289	-1.1168006658554077	-1.327392578125	1.0093462467193604	-1.2259454727172852	0.026526693254709244
1.2196364402770996	1.223988652229309	1.0682449340820312	0.40006518363952637	0.2554737627506256	1.0270540714263916
-1.2314183712005615	0.6519434452056885	-1.466913104057312	1.129650592803955	0.145991712808609	0.4851827323436737
-0.3426077961921692	-1.1448390483856201	-0.06568025797605515	-0.2519833445549011	-0.35963934659957886	-0.9044721126556396
0.30819863080978394	0.7193475365638733	0.03949533402919769	0.7212581038475037	-0.7096972465515137	0.8056526780128479
-0.8583024144172668	1.2371017932891846	-1.450101613998413	-0.6951156258583069	-1.240096926689148	-0.05117885768413544
1.1193923950195312	1.3084038496017456	-1.1994469165802002	0.1749763935804367	0.2558490037918091	1.0716264247894287
1.3643845319747925	0.8293466567993164	-0.692599892616272	-1.4308176040649414	0.14753828942775726	0.05014849081635475
-1.3243457078933716	-1.2949591875076294	-0.9121050834655762	1.6286548376083374	0.3398652672767639	0.32969459891319275
-0.2421669214963913	-0.03681252524256706	-1.1015907526016235	1.6600403785705566	-0.2627393901348114	0.9944771528244019
0.5458787083625793	0.3793090581893921	-1.055801272392273	-0.7963647246360779	-1.5472501516342163	0.00428092060610652
0.2439728081226349	0.20528218150138855	0.8186630010604858	0.6894928812980652	1.3137539625167847	1.2857974767684937
-1.1521350145339966	1.597830057144165	-1.5452444553375244	-0.0030757964123040438	1.2324248552322388	1.0219457149505615
-0.7029202580451965	-0.382053017616272	-1.4669784307479858	0.8372663855552673	-0.5293982028961182	0.1739259958267212
0.22623471915721893	1.6963555812835693	0.2683972716331482	0.75676429271698	-1.3099753856658936	0.3476058840751648
-0.7993930578231812	-0.4357529282569885	-0.5661966800689697	1.3758021593093872	1.0890171527862549	0.37780630588531494
-1.012609601020813	1.7306857109069824	0.3907775282859802	1.1937271356582642	1.4502979516983032	1.2027796506881714
0.4873843193054199	-1.3986328840255737	0.6278353333473206	1.7182039022445679	-1.107511281967163	-0.3772886395454407
-1.721652865409851	-0.12193378061056137	-0.11758548766374588	-0.2665666937828064	0.28445887565612793	-1.0790369510650635
-0.06134067103266716	-1.6478054523468018	1.1889902353286743	1.202937364578247	-0.8367674350738525	-0.3370359241962433
-0.1705554574728012	-0.6876884698867798	0.5259885191917419	-1.7107834815979004	1.7341911792755127	-0.6148464679718018
1.025539755821228	1.7338135242462158	0.33243876695632935	0.06369863450527191	-1.5376372337341309	-0.3548206090927124
0.7591657638549805	-0.8608760237693787	0.4247768223285675	-0.131887748837471	1.5396413803100586	0.4611465632915497
-1.596712589263916	1.4957720041275024	0.043826520442962646	0.34647247195243835	-0.03869502246379852	-0.852601945400238
-1.6428252458572388	0.9180758595466614	-0.027848506346344948	-0.15300369262695312	0.1966731697320938	-1.326564073562622
1.4236409664154053	-0.7492631673812866	1.2673131227493286	-0.4518650770187378	-1.1670739650726318	-0.171189084649086
1.5928122997283936	0.10239285975694656	-0.8566332459449768	0.7772841453552246	0.5158045291900635	1.5551835298538208
-0.3622609078884125	-1.4247000217437744	-0.2770652174949646	1.4076162576675415	-0.16720153391361237	-0.5003919005393982
0.9641922116279602	1.4819936752319336	-0.07886970788240433	0.4760032892227173	1.5687782764434814	0.8290117979049683
1.2626999616622925	-0.40118879079818726	1.6984541416168213	1.2882128953933716	-0.38845476508140564	1.658048391342163
0.5008270144462585	-0.23724956810474396	0.9572135210037231	-1.0448168516159058	-0.8126602172851562	-0.5251168608665466
1.2029160261154175	-0.10162919014692307	-0.6513254642486572	-1.4521548748016357	0.3216937184333801	0.055723339319229126
-1.0152052640914917	0.9318252205848694	0.2940617799758911	1.6736193895339966	1.7077802419662476	1.113945484161377
0.9633105993270874	0.8056093454360962	1.28172767162323	1.5075385570526123	1.7416365146636963	2.342714309692383
0.76119065284729	-0.03348309174180031	-1.128312587738037	-0.31683608889579773	-1.077746033668518	0.4345848262310028
0.21226300299167633	0.5042275190353394	-0.41833364963531494	-0.43034684658050537	-0.0017700382741168141	0.22871394455432892
1.0355792045593262	-0.3709506094455719	-0.2299264520406723	0.10759253799915314	-0.12545864284038544	0.3258824050426483
1.2193994522094727	1.616418719291687	-0.4698900878429413	0.2308727204799652	-0.9315908551216125	-0.4286941885948181
-1.610996127128601	-0.38666558265686035	-0.7871499061584473	1.026137113571167	-0.3767595887184143	-0.5176701545715332
-0.8990005850791931	-1.1086069345474243	-0.6127985715866089	-0.27784469723701477	-0.42918699979782104	-1.4447699785232544
-0.7276391386985779	-0.1339002251625061	-0.858749508857727	0.687359631061554	-0.19577017426490784	-0.056870732456445694
0.6380738019943237	0.3837730288505554	1.4760842323303223	-0.0522482767701149	-0.45852968096733093	1.2302236557006836
-1.2774429321289062	-1.4788674116134644	-0.31655392050743103	1.6639604568481445	0.7768855690956116	-0.11546289920806885
0.8002707958221436	1.5938961505889893	0.49485036730766296	-0.1537158340215683	-1.1141268014907837	-0.21074067056179047
-0.7005550861358643	0.5257364511489868	0.5022566318511963	0.974057137966156	-0.6199303865432739	0.03814022243022919
0.3521873652935028	-1.1793583631515503	-1.2501174211502075	-0.18110090494155884	0.038871582597494125	-0.5867846608161926
-0.7464531660079956	-0.16219285130500793	-0.891063928604126	1.7051985263824463	-1.3881535530090332	0.3861660957336426
-0.2869099974632263	-1.042281150817871	0.5340855121612549	-0.13782623410224915	0.04377731308341026	-0.7290274500846863
-1.2136350870132446	0.6401844620704651	0.8205488324165344	1.2840431928634644	0.033867474645376205	0.5971619486808777
-0.4131455719470978	1.0827194452285767	0.2974699139595032	-0.44576510787010193	-0.43657776713371277	-0.15772348642349243
-1.7114895582199097	-0.10196691006422043	1.6700330972671509	1.0804009437561035	-1.405025839805603	-0.30972108244895935
-1.1688841581344604	1.62691068649292	0.6561055183410645	-1.3240307569503784	-0.5692265629768372	-1.5632388591766357
1.358726978302002	-1.242480754852295	0.8390224575996399	-0.39366039633750916	-0.45109689235687256	-1.127962350845337
1.4852027893066406	1.1490509510040283	1.4233261346817017	0.8208414912223816	-0.17814293503761292	1.119494915008545
0.7505621314048767	1.6302359104156494	-1.412381887435913	0.7488237619400024	0.1088019385933876	1.2998374700546265
0.8052641153335571	1.0000540018081665	-0.07030252367258072	1.3631746768951416	-1.0006097555160522	1.2345670461654663
0.23981983959674835	1.074825644493103	-0.8068320155143738	1.5702561140060425	1.3962993621826172	1.9722617864608765
-0.47610634565353394	0.27198585867881775	-0.8699286580085754	-1.2787095308303833	-0.31796786189079285	-0.7974177002906799
0.41080015897750854	0.10666687786579132	1.3809903860092163	0.05406864732503891	-0.5625534057617188	0.6168325543403625
-0.7120139598846436	-0.32571470737457275	-0.2040759027004242	0.3965687155723572	1.2743901014328003	-0.4073154926300049
-1.207242488861084	1.3526818752288818	-1.5520341396331787	-1.166551947593689	1.113341212272644	-0.43695977330207825
-0.6330495476722717	-0.8204232454299927	0.4020380973815918	-1.4198188781738281	-1.534935474395752	-2.0779738426208496
-1.5281158685684204	0.5780829787254333	-0.9508610963821411	1.125252366065979	0.7689119577407837	0.03841429203748703
-0.8622252345085144	-1.0919933319091797	1.6123915910720825	-0.5309769511222839	-1.3241819143295288	-0.9499146342277527
1.1981370449066162	-0.8042017817497253	-0.20150603353977203	-0.1499340534210205	-1.4795947074890137	-0.5776656270027161
1.6651930809020996	0.4693830609321594	-0.5303171873092651	0.11601687222719193	-1.3862247467041016	0.5957188010215759
0.5529211163520813	1.673880934715271	0.179789736866951	-0.6061670780181885	-0.1406821310520172	-0.10253211110830307
-0.316804975271225	0.11748693138360977	-0.9367628693580627	1.2677501440048218	1.2166943550109863	1.0193977355957031
0.18326911330223083	0.4910934567451477	-0.38109034299850464	-0.07208862900733948	1.4259264469146729	0.46035146713256836
-1.2698514461517334	0.09020847827196121	0.2369491159915924	0.5071261525154114	-0.2331784963607788	-0.7738441824913025
0.8286938667297363	-1.3397976160049438	-0.9681552052497864	-1.2829614877700806	-1.160516619682312	-1.8782453536987305
0.2466910183429718	-0.20918585360050201	-0.01308650802820921	-1.700547456741333	-0.3749541938304901	-0.9406463503837585
-1.0075764656066895	0.13271257281303406	1.4809200763702393	0.20959869027137756	-1.3271541595458984	-0.05325637385249138
-1.1977870464324951	0.9543778896331787	-0.12669683992862701	-0.5830952525138855	0.7649986147880554	-0.6667833924293518
0.8591243028640747	-0.09379058331251144	-0.6120486259460449	-0.027556544169783592	-1.3690235614776611	0.06041233241558075
-0.6222423315048218	-0.6739826202392578	-1.585005283355713	1.6062294244766235	1.4224077463150024	1.2606854438781738
1.1186617612838745	0.9337265491485596	0.7960956692695618	0.5496659278869629	1.588606834411621	1.5024851560592651
1.2792283296585083	-1.4103138446807861	1.5617289543151855	-1.0747398138046265	-1.6214615106582642	-1.0184910297393799
-0.36902159452438354	-0.3034902811050415	0.6420767307281494	-1.2045077085494995	1.6238937377929688	-0.7005452513694763
1.4602030515670776	-0.07301315665245056	0.11328183859586716	0.4256592094898224	1.1047449111938477	1.4286609888076782
1.697259545326233	-1.4703725576400757	0.60603266954422	1.2676634788513184	-1.4708884954452515	-0.611877977848053
0.6222280263900757	1.0439790487289429	0.28655555844306946	1.5912729501724243	0.34004199504852295	1.6442248821258545
-1.531302571296692	-1.2967792749404907	0.21426306664943695	-0.03649825602769852	0.7319149971008301	-1.1522339582443237
-1.524850845336914	1.5589784383773804	-1.4420336484909058	-1.0163966417312622	-0.31322383880615234	-0.79783034324646
0.9887679219245911	0.3190903961658478	0.8133037686347961	0.36217522621154785	1.2080954313278198	1.288457989692688
0.300226092338562	-1.1153478622436523	0.09178856015205383	0.5631551146507263	1.7265644073486328	-0.3285521864891052
-0.36476820707321167	-0.9471102356910706	-1.649922251701355	0.08838365226984024	-1.0321532487869263	-0.16765624284744263
-0.9868537783622742	-0.804972231388092	0.5467938184738159	-0.36903148889541626	1.4031939506530762	-0.4576798975467682
-1.3650661706924438	1.4477447271347046	1.6786562204360962	1.2566087245941162	0.9543420672416687	1.0527770519256592
1.699734091758728	-0.49980074167251587	1.713376760482788	1.6634126901626587	-0.4854973554611206	1.966579794883728
1.1405082941055298	-1.3638911247253418	-0.9998482465744019	1.6940786838531494	0.9567928910255432	0.8328363299369812
1.2334638833999634	-1.5598443746566772	-0.4057260751724243	-1.0025795698165894	-0.6726167798042297	-1.9238061904907227
-1.7254103422164917	0.6610860228538513	-0.6878054141998291	0.018529603257775307	-1.5052419900894165	-1.1891000270843506
1.6245794296264648	-1.1394890546798706	0.3376767933368683	1.3957533836364746	-0.5565142035484314	0.19181588292121887
1.1938780546188354	0.6603886485099792	1.116196632385254	0.2325507253408432	-1.3927655220031738	0.6235303282737732
-1.3938909769058228	-0.9038657546043396	0.06741084903478622	0.8982837796211243	0.7932460904121399	-0.436711847782135
-0.8593111634254456	1.2514647245407104	-1.2995915412902832	0.08199358731508255	-0.6756806373596191	0.005714045371860266
1.4694095849990845	-1.3845449686050415	-0.39014703035354614	1.3809009790420532	0.09388793259859085	-0.007529171649366617
-0.5378256440162659	1.357851505279541	1.6127642393112183	0.9096279144287109	1.2178025245666504	2.0147531032562256
-1.539754867553711	1.1026177406311035	-1.5811799764633179	1.2748537063598633	0.8695040941238403	0.8098374009132385
0.7801492810249329	1.0624494552612305	1.3166122436523438	-0.7531631588935852	1.052819848060608	1.0654151439666748
-0.7336471080780029	0.23039552569389343	-1.0614062547683716	-0.39869028329849243	-0.8692307472229004	-0.49676513671875
0.1792486160993576	1.360837459564209	-1.436894178390503	-0.10229750722646713	0.9445294737815857	1.649747371673584
-0.390572190284729	-0.9091126322746277	0.9770281910896301	-0.1918048858642578	0.7473701238632202	-0.31215447187423706
-1.4844669103622437	-0.05589032918214798	0.19558143615722656	0.5885823369026184	-1.5977306365966797	-0.8449472784996033
0.7932415008544922	0.48642268776893616	-1.4033911228179932	-0.43640273809432983	0.545873761177063	1.405746579170227
1.2761530876159668	-1.3857110738754272	-1.0963298082351685	0.9386547803878784	0.47505831718444824	-0.008110597729682922
-1.252727746963501	-1.1541285514831543	1.4825071096420288	-1.6624356508255005	0.7109323143959045	-1.2174458503723145
0.13104453682899475	-1.563297152519226	0.9581361413002014	-1.6054859161376953	0.7808973789215088	-1.499853253364563
0.030746091157197952	1.6203783750534058	-0.17305949330329895	-1.1686090230941772	0.7106457948684692	0.5449849367141724
-0.5055171251296997	1.5940293073654175	0.5526701211929321	-0.22739969193935394	-0.15268748998641968	0.5805063247680664
-0.8622584342956543	0.9231601357460022	-0.39750853180885315	-1.642374038696289	-1.3483283519744873	-1.3366812467575073
-0.29226720333099365	0.8560092449188232	-1.7022372484207153	0.830692708492279	-1.4865449666976929	1.5174438953399658
0.6220203638076782	0.8044671416282654	-0.9559451341629028	0.7990047931671143	-1.6594295501708984	1.0552500486373901
-0.3332180380821228	-0.9468366503715515	-1.2058732509613037	0.5961953401565552	1.4806528091430664	0.5214800834655762
-1.079664945602417	-0.4115351736545563	1.6986535787582397	0.7232431769371033	0.9624051451683044	0.6066286563873291
-1.1792844533920288	-1.3125829696655273	-1.1608916521072388	0.8107005953788757	0.4954583942890167	-0.1172584518790245
1.3137903213500977	1.4430501461029053	1.0092369318008423	-0.3496791422367096	0.7100313901901245	0.0914706140756607
-1.7363386154174805	-1.3778924942016602	1.376844882965088	1.6934292316436768	-1.1427764892578125	-0.23965419828891754
-1.2934783697128296	1.1224958896636963	-0.17805026471614838	-0.6917394399642944	1.008360743522644	-0.6048798561096191
-1.6757768392562866	0.435526043176651	1.565885066986084	1.6724052429199219	-0.03170038387179375	0.4479224383831024
-1.4343984127044678	0.01966111548244953	1.6525362730026245	1.556509256362915	1.0130139589309692	1.2717257738113403
-0.7087777256965637	1.74370276927948	1.2919684648513794	1.2287017107009888	1.1825841665267944	1.9558954238891602
1.3281962871551514	0.8806924819946289	-1.1065183877944946	-1.4751262664794922	0.09862453490495682	-0.06565383821725845
0.34980422258377075	-0.4559047818183899	0.6101086139678955	0.7828559875488281	-0.3792482912540436	0.48947882652282715
0.7370875477790833	1.6357710361480713	0.08302266150712967	-0.3099336624145508	-1.0945152044296265	-0.1438659429550171
-0.5406971573829651	1.525602102279663	-1.2877105474472046	-0.8107407689094543	-1.4377727508544922	-0.30725181102752686
-0.9375486373901367	0.48271143436431885	-1.2696471214294434	-1.0780704021453857	0.7920969128608704	-0.3086145222187042
1.0481321811676025	-1.2272440195083618	0.18303431570529938	-0.011505961418151855	-0.43649622797966003	-0.8612189292907715
-0.8970520496368408	-1.3060978651046753	1.3734452724456787	-1.1049726009368896	1.4623973369598389	-0.44982320070266724
0.7246426939964294	0.2695404887199402	-0.8802893161773682	-0.23527175188064575	0.373381108045578	0.9864976406097412
-1.3265372514724731	-1.1665618419647217	1.488088846206665	1.6489145755767822	1.1989381313323975	0.9541178941726685