1000	1
0.579044	-0.089556
2.491615	2.163295
2.406209	2.103652
3.190151	2.592805
1.601119	1.426645
1.948298	1.748184
0.588014	-0.068519
2.699834	2.301478
3.689082	2.850615
1.090858	0.824539
1.284437	1.076440
0.584584	-0.076534
0.323745	-0.847335
2.057708	1.839258
1.931993	1.734235
3.963833	2.979390
0.915944	0.562410
2.897994	2.424480
0.824663	0.408615
2.445405	2.131252
2.283026	2.014267
1.090290	0.823746
0.113390	-2.069515
2.363859	2.073384
2.966241	2.465114
1.448069	1.265531
3.571671	2.792912
3.256566	2.629136
3.641604	2.827484
0.577724	-0.092675
2.379252	2.084441
0.826864	0.412485
0.533200	-0.201502
0.582733	-0.080872
1.167123	0.927942
0.502280	-0.281615
0.207816	-1.382289
3.185310	2.590130
2.026236	1.813499
2.600803	2.236977
3.442869	2.727606
3.368778	2.689034
1.222541	0.999582
2.584684	2.226274
1.747921	1.569272
0.058053	-2.789964
0.853536	0.458728
2.707425	2.306335
0.915770	0.562130
2.883563	2.415780
0.206613	-1.389091
2.744198	2.329696
2.638453	2.261751
3.173607	2.583650
1.015141	0.715716
0.485073	-0.327992
2.950957	2.456088
0.028286	-3.537513
0.750430	0.272753
1.417724	1.231879
0.905697	0.545797
1.300394	1.095747
1.340734	1.143682
0.110591	-2.097025
1.644056	1.469480
3.973983	2.983990
2.987701	2.477719
1.033344	0.742482
2.309101	2.033535
0.425611	-0.499628
3.326781	2.666829
1.025266	0.730653
2.527587	2.187879
2.878840	2.412924
2.833783	2.385465
0.221259	-1.308540
3.846051	2.925211
0.521244	-0.232010
1.453528	1.271521
2.156940	1.918294
0.961172	0.633941
3.075341	2.528370
2.167844	1.926784
0.763844	0.298103
2.948101	2.454396
0.981805	0.665645
0.540233	-0.183821
1.465959	1.285090
3.888967	2.945125
3.207886	2.602573
0.764247	0.298860
3.384605	2.697337
1.260482	1.047072
1.434977	1.251086
1.255847	1.041336
2.870982	2.408162
0.190845	-1.481628
2.660706	2.276248
2.393077	2.094317
0.918300	0.566209
1.420527	1.235013
1.724850	1.547553
1.465812	1.284931
1.418698	1.232969
1.426971	1.242198
3.691790	2.851925
0.043981	-3.080949
3.545270	2.779701
1.293833	1.087833
0.128204	-1.933509
3.700301	2.856040
2.701316	2.302428
2.144081	1.908233
3.737663	2.874004
0.550573	-0.158172
3.313003	2.659489
1.843017	1.656270
1.736920	1.558947
2.998996	2.484321
0.971123	0.649302
0.443576	-0.445762
0.009470	-4.650253
1.640089	1.465563
2.541439	2.197263
2.099295	1.872776
1.410707	1.224010
0.571995	-0.106279
0.268630	-1.076484
0.972417	0.651290
3.824436	2.915105
1.796097	1.613841
1.736018	1.558097
2.065452	1.845544
2.855933	2.399012
1.250025	1.034105
2.003375	1.794569
3.137079	2.563282
0.034459	-3.334117
3.521977	2.767972
1.030751	0.738694
0.194908	-1.457159
2.832828	2.384878
3.182506	2.588580
1.405828	1.218520
2.072375	1.851146
3.275173	2.639195
1.043659	0.757475
2.778099	2.350987
0.513209	-0.252839
2.875232	2.410739
3.674406	2.843494
0.748432	0.268945
3.613542	2.813684
0.940169	0.601079
0.117187	-2.033173
3.676423	2.844474
1.163785	0.923536
1.188287	0.955632
3.738004	2.874168
3.053248	2.515725
1.992942	1.785869
1.738737	1.560655
1.750877	1.572037
3.027712	2.501006
1.732808	1.555073
0.359834	-0.714751
0.229937	-1.262985
1.664063	1.489115
3.411387	2.711308
0.746613	0.265470
2.882240	2.414980
2.360823	2.071196
3.013584	2.492815
3.630693	2.822130
2.809884	2.370742
1.500577	1.322371
3.122230	2.554942
2.071379	1.850341
3.665152	2.838990
1.294433	1.088559
2.926118	2.441328
0.178574	-1.558445
2.088039	1.863762
0.140320	-1.832524
3.166785	2.579861
1.124456	0.870816
3.213684	2.605755
2.983349	2.475169
0.767892	0.305682
0.419667	-0.517873
1.528519	1.351933
2.412984	2.108451
1.325585	1.125825
0.287537	-0.993673
3.045371	2.511196
1.311371	1.108914
3.765569	2.887316
1.113792	0.856254
1.870505	1.680696
2.091849	1.866818
3.824673	2.915216
3.166446	2.579673
1.229887	1.008874
3.367447	2.688334
0.736010	0.245078
2.577686	2.221608
2.314174	2.037261
1.644966	1.470378
2.608581	2.242121
0.323961	-0.846502
2.834507	2.385909
3.625608	2.819630
0.729427	0.232294
2.865954	2.405110
2.978788	2.472494
3.363669	2.686346
1.195991	0.965609
1.311107	1.108599
0.977956	0.659773
3.192987	2.594370
1.070790	0.796327
3.630469	2.822020
0.982335	0.666452
0.871850	0.489790
2.555433	2.206698
2.653324	2.271451
1.521924	1.344997
2.254969	1.993319
2.637857	2.261362
0.399684	-0.580835
0.195772	-1.452010
1.892781	1.700266
2.653361	2.271475
2.946232	2.453288
3.784427	2.896261
3.563228	2.788697
0.571896	-0.106516
0.366120	-0.692820
0.163463	-1.659767
1.303777	1.099815
0.134217	-1.882355
2.879404	2.413265
2.212808	1.961408
0.924244	0.575755
2.009612	1.799752
3.656692	2.834864
0.384444	-0.630658
2.671948	2.283530
3.351496	2.679926
3.531544	2.772798
3.856993	2.930308
1.705413	1.529062
0.305745	-0.918231
0.677107	0.127145
3.938294	2.967767
1.593425	1.418865
1.922781	1.726308
2.196564	1.948971
3.701458	2.856600
1.117353	0.861130
1.573664	1.398737
2.590553	2.230177
1.449749	1.267376
1.716731	1.539851
1.527285	1.350637
1.161567	0.920603
0.572520	-0.105029
0.038550	-3.217970
0.714637	0.203221
2.619550	2.249353
1.295092	1.089355
3.341179	2.674469
0.817471	0.395905
1.133054	0.882472
3.544296	2.779212
3.932138	2.964956
0.876848	0.498173
3.883483	2.942591
3.269451	2.636107
3.451602	2.732102
0.285024	-1.004404
0.892383	0.523976
1.987349	1.781188
0.969563	0.646902
2.636761	2.260645
2.124296	1.892650
2.033026	1.819086
0.238204	-1.220963
0.789281	0.345181
2.596605	2.234195
3.582120	2.798117
2.358902	2.069811
1.033777	0.743114
1.179733	0.944491
2.436363	2.124920
2.615273	2.246536
1.947884	1.747831
2.202039	1.953171
3.417399	2.714431
3.104067	2.544692
1.539253	1.363168
2.260310	1.997324
0.754938	0.281314
3.995083	2.993519
0.028021	-3.547179
2.933647	2.445813
0.626828	0.019549
1.282158	1.073667
2.491838	2.163448
0.938096	0.597802
0.903541	0.542283
2.243019	1.984327
3.477421	2.745338
0.358298	-0.720157
2.465630	2.145342
0.505192	-0.273897
2.371475	2.078862
3.434490	2.723281
0.784342	0.336140
0.008388	-4.772595
0.006428	-5.040721
2.625109	2.253007
1.738658	1.560582
1.609028	1.434608
0.351948	-0.742724
1.625757	1.451343
0.137450	-1.855710
0.422495	-0.509166
1.338305	1.140830
1.530388	1.353894
2.312093	2.035733
0.366083	-0.692946
3.380046	2.694949
1.742244	1.563951
0.197790	-1.440069
1.303012	1.098896
2.350458	2.063707
2.144487	1.908551
1.527620	1.350989
0.549797	-0.160083
3.288816	2.646538
1.448572	1.266084
2.161125	1.921557
3.963115	2.979064
1.089160	0.822169
1.231417	1.010803
1.658580	1.483754
1.296671	1.091261
2.201417	1.952695
1.480219	1.300537
2.525090	2.186182
0.032856	-3.383294
0.115384	-2.050290
3.195480	2.595745
3.275220	2.639221
2.806921	2.368909
1.687386	1.511750
2.377632	2.083280
0.249442	-1.165830
0.273612	-1.054185
0.002636	-5.935786
3.788876	2.898365
1.808105	1.624789
1.041702	0.754640
2.642204	2.264202
2.908056	2.430525
1.045357	0.759932
2.824742	2.379908
3.621357	2.817537
1.361817	1.168251
0.782496	0.332748
2.333180	2.051159
0.141710	-1.821449
0.464319	-0.385793
3.872176	2.937357
2.054089	1.836314
3.953079	2.974504
2.231134	1.975343
2.382395	2.086690
1.878645	1.687870
2.138263	1.903663
2.767549	2.344387
1.331989	1.133394
0.854377	0.460166
1.607010	1.432579
3.329886	2.668479
2.480894	2.155908
3.685574	2.848915
1.067158	0.791174
0.742439	0.257472
0.354560	-0.733401
2.712965	2.309873
0.634519	0.036461
0.839051	0.433767
0.077741	-2.479507
1.526794	1.350121
2.995744	2.482422
0.678934	0.130928
2.139050	1.904282
1.567750	1.392671
2.159049	1.919939
3.540252	2.777181
3.817217	2.911718
3.760375	2.884845
3.741253	2.875722
2.641310	2.263619
3.009595	2.490496
1.404082	1.216552
3.490282	2.751898
1.750806	1.571970
2.938516	2.448709
3.778883	2.893635
0.323453	-0.848458
0.343505	-0.773270
0.500711	-0.285786
3.584113	2.799108
1.343826	1.147305
1.753474	1.574462
0.820194	0.400729
1.439929	1.256562
0.764279	0.298919
3.089981	2.536705
2.916871	2.435805
3.403783	2.707351
2.888215	2.418589
3.555954	2.785058
3.189475	2.592432
0.446000	-0.438636
0.729285	0.232017
2.261105	1.997920
3.496875	2.755253
0.418004	-0.523014
2.409255	2.105812
1.430904	1.246570
1.298473	1.093434
0.455372	-0.411379
1.332098	1.133524
1.867655	1.678179
3.888072	2.944711
0.138583	-1.846502
3.469691	2.741385
2.303488	2.029404
3.385867	2.697997
2.675969	2.286128
3.559447	2.786807
3.330849	2.668991
3.071248	2.526034
0.445248	-0.440844
0.158828	-1.692521
1.738485	1.560418
0.382380	-0.637532
1.854731	1.666717
3.564206	2.789186
0.326197	-0.837940
0.636149	0.040024
0.108340	-2.119617
3.845146	2.924789
2.940103	2.449651
2.622716	2.251435
1.338512	1.141073
0.353245	-0.738090
1.452714	1.270629
2.516225	2.180148
2.654447	2.272181
1.430304	1.245903
1.517270	1.340088
1.481729	1.302165
2.253628	1.992312
0.073189	-2.544068
1.735972	1.558054
1.856646	1.668419
1.030449	0.738251
0.360331	-0.713003
1.326380	1.126767
3.659892	2.836426
1.814825	1.630889
2.368662	2.076841
0.035818	-3.294110
0.821041	0.402226
3.241002	2.620682
3.072705	2.526865
3.244628	2.622655
0.147652	-1.775176
1.299430	1.094587
2.699150	2.301040
1.161031	0.919894
2.749922	2.333308
3.589236	2.801653
0.887246	0.515486
0.967643	0.643945
1.320776	1.120121
0.142488	-1.815287
0.019575	-3.914098
0.957979	0.628984
2.875579	2.410949
0.104560	-2.158551
0.692942	0.159659
3.281414	2.642558
0.747976	0.268073
2.468526	2.147351
3.023722	2.498696
1.007772	0.704768
2.962832	2.463104
3.873119	2.937794
3.933160	2.965423
1.173547	0.936391
0.455876	-0.409926
2.381303	2.085909
3.512375	2.763116
3.151415	2.571301
0.685049	0.143529
0.111656	-2.086480
3.592570	2.803307
1.161092	0.919974
3.724974	2.867922
1.478530	1.298714
3.027248	2.500737
3.620224	2.816979
0.469218	-0.371956
1.162961	0.922447
2.152679	1.914966
2.014104	1.803477
2.687570	2.293605
2.653274	2.271418
0.804228	0.372260
3.220756	2.609630
0.874725	0.494616
3.783875	2.895999
1.968271	1.765135
2.388893	2.091333
0.749936	0.271812
0.356195	-0.727592
0.674761	0.122274
2.713755	2.310377
1.012208	0.711367
3.508857	2.761334
3.846629	2.925481
0.582263	-0.081976
3.309287	2.657505
3.951920	2.973977
1.213454	0.988024
0.421949	-0.510843
1.138943	0.890413
3.165761	2.579292
3.599628	2.806806
2.818266	2.375918
1.158551	0.916607
3.746704	2.878327
3.108389	2.547136
0.252918	-1.149216
1.088115	0.820709
1.564445	1.389273
3.625329	2.819493
3.037368	2.506585
0.227761	-1.274269
2.270293	2.004789
0.739470	0.251758
1.699333	1.523241
1.378690	1.187684
0.074030	-2.531872
2.831012	2.383763
3.453148	2.732898
0.936196	0.594795
1.356095	1.161615
3.515202	2.764547
3.314959	2.660533
3.495412	2.754508
0.820628	0.401496
0.704218	0.182439
1.820020	1.635592
1.038964	0.750666
0.149536	-1.760857
2.295053	2.023178
0.893847	0.526389
3.971612	2.982916
1.522542	1.345648
3.451358	2.731977
2.977304	2.471622
1.691881	1.516082
3.488929	2.751209
1.918422	1.722546
2.791959	2.359626
1.411195	1.224559
3.015801	2.494102
3.715418	2.863329
1.242648	1.024901
0.786260	0.339657
2.553934	2.205690
2.091314	1.866389
2.890484	2.419957
1.273355	1.062912
1.562016	1.386772
2.569788	2.216330
0.493859	-0.304142
0.830246	0.418418
2.166371	1.925640
2.263764	1.999910
1.340708	1.143651
2.416131	2.110676
2.263346	1.999597
3.942882	2.969861
3.223802	2.611297
2.059464	1.840686
0.371846	-0.673117
0.267795	-1.080255
2.125958	1.893963
1.766454	1.586541
1.778359	1.597552
3.486286	2.749862
2.713803	2.310407
3.716600	2.863898
0.421733	-0.511507
2.546265	2.200522
2.094261	1.868750
3.418419	2.714960
3.576795	2.795466
0.303939	-0.925540
1.150812	0.906313
2.572222	2.217958
2.692311	2.296653
0.336436	-0.799342
3.116407	2.551661
1.235649	1.016128
2.925921	2.441210
3.669969	2.841335
0.087183	-2.356159
0.765081	0.300423
0.089616	-2.326401
0.939162	0.599488
2.244133	1.985167
1.525002	1.348237
1.554699	1.379217
2.491598	2.163284
0.560782	-0.133235
3.758206	2.883812
3.392066	2.701239
2.230035	1.974510
3.450559	2.731566
2.425340	2.117172
2.073561	1.852104
3.154543	2.573046
0.679415	0.131922
1.354044	1.159231
3.118282	2.552718
2.532546	2.191244
1.923017	1.726512
1.682941	1.507457
1.168800	0.930152
3.480249	2.746782
3.247598	2.624269
1.758975	1.579591
2.699964	2.301561
2.010599	1.800572
2.571483	2.217464
3.953392	2.974647
3.431204	2.721583
2.501220	2.169890
2.837490	2.387738
0.922599	0.573117
0.920630	0.569956
1.578710	1.403897
3.091207	2.537402
0.669862	0.112058
3.505536	2.759650
3.003790	2.487116
3.004786	2.487696
0.007908	-4.832051
2.530129	2.189605
2.530694	2.189988
2.246327	1.986821
1.319750	1.118901
3.149211	2.570070
1.302083	1.097779
0.767508	0.304964
0.907813	0.549241
1.719331	1.542321
3.891628	2.946353
0.586047	-0.073111
1.895996	1.703073
2.956682	2.459474
3.361133	2.685010
2.085681	1.861868
1.818431	1.634154
1.796314	1.614039
3.526995	2.770505
2.384412	2.088132
1.665839	1.490848
3.802887	2.904978
1.899150	1.705824
1.796694	1.614387
3.282917	2.643366
0.328785	-0.828086
3.611840	2.812844
1.966631	1.763749
0.940681	0.601888
1.518879	1.341786
0.000096	-9.250205
2.382530	2.086787
3.487022	2.750237
3.808304	2.907528
0.794683	0.355017
3.967829	2.981202
2.213666	1.962063
1.055816	0.774987
0.055075	-2.845454
2.520830	2.183285
1.212574	0.986903
3.586851	2.800468
0.611914	-0.013741
3.702705	2.857202
3.194602	2.595261
1.485069	1.305762
2.510519	2.176253
2.465761	2.145432
0.056389	-2.820623
0.508024	-0.266427
2.790591	2.358775
1.585438	1.410755
2.938126	2.448477
1.551439	1.375841
3.537409	2.775751
0.230161	-1.261833
2.562907	2.211719
2.901510	2.426595
2.861892	2.402640
2.923551	2.439796
0.193018	-1.468483
1.781012	1.599996
3.749070	2.879457
3.938971	2.968077
3.018963	2.495937
3.368078	2.688665
0.090157	-2.319886
1.700295	1.524163
0.605719	-0.027767
3.904774	2.952409
1.635207	1.460731
0.170538	-1.611332
1.329311	1.130234
3.704947	2.858284
1.156742	0.914206
3.529422	2.771728
1.639993	1.465468
3.660635	2.836788
2.820986	2.377594
1.870792	1.680950
1.745855	1.567337
3.853515	2.928689
1.808983	1.625587
3.744420	2.877236
1.554770	1.379290
0.000860	-7.057746
3.159517	2.575818
1.904259	1.710272
1.971386	1.767765
1.510230	1.332637
2.983440	2.475223
3.457031	2.734893
2.172070	1.930065
0.091583	-2.302878
3.115002	2.550869
3.256063	2.628863
3.642776	2.828058
3.365008	2.687050
2.242604	1.984015
2.573914	2.219089
2.253226	1.992010
1.128732	0.876621
0.961964	0.635168
3.154034	2.572762
1.026855	0.732987
1.234461	1.014634
3.502845	2.758285
3.913046	2.956210
2.565407	2.213395
0.993787	0.683803
0.854505	0.460384
3.103903	2.544599
3.328014	2.667484
3.544914	2.779523
0.390904	-0.609339
3.505889	2.759829
1.336129	1.138272
1.507930	1.330195
1.840811	1.654296
3.458803	2.735803
3.839603	2.922202
1.672279	1.497119
1.393671	1.204770
2.446514	2.132027
3.536532	2.775310
1.135602	0.885912
3.100479	2.542661
2.592427	2.231422
1.132178	0.881287
2.410643	2.106794
0.390273	-0.611410
3.385178	2.697637
1.223987	1.001415
0.589139	-0.065900
3.364898	2.686993
1.017074	0.718578
2.504582	2.172193
3.554349	2.784255
2.772731	2.347632
3.783295	2.895725
3.650240	2.831712
1.743049	1.564706
0.177818	-1.563332
1.239667	1.021170
2.027190	1.814285
2.511873	2.177178
0.370367	-0.678183
0.017173	-4.047373
2.410763	2.106879
1.708214	1.531737
0.459836	-0.398563
0.554378	-0.148834
0.638764	0.045722
3.314888	2.660495
1.795170	1.612993
3.867665	2.935265
0.318965	-0.865825
2.064501	1.844773
3.086341	2.534636
2.089703	1.865097
2.269519	2.004211
1.844576	1.657663
0.883957	0.510027
3.436674	2.724409
1.013043	0.712607
3.043852	2.510322
2.196090	1.948606
3.945140	2.970890
1.020715	0.723955
1.801015	1.618333
1.656180	1.481402
0.672713	0.118011
0.590201	-0.063432
2.912897	2.433426
3.473655	2.743413
2.597876	2.235038
1.464528	1.283533
3.823466	2.914650
0.837976	0.431900
2.020601	1.808851
2.282587	2.013941
0.945337	0.609221
0.041196	-3.149041
0.495735	-0.299095
1.162717	0.922124
2.630080	2.256269
1.231623	1.011062
1.891703	1.699323
3.146833	2.568741
0.065238	-2.666507
3.566055	2.790109
2.353044	2.065578
1.359243	1.165269
0.947694	0.612923
3.272744	2.637885
1.770091	1.589911
3.539914	2.777010
0.490541	-0.313106
2.485323	2.158963
1.826530	1.641468
0.936360	0.595054
1.368690	1.176192
1.958511	1.756871
0.858043	0.466422
2.694937	2.298339
3.694391	2.853184
3.244890	2.622797
1.275681	1.065760
3.276184	2.639740
0.843009	0.440623
0.314562	-0.883070
2.815104	2.373967
1.283917	1.075807
1.471343	1.290938
2.865498	2.404833
3.697202	2.854544
3.466173	2.739583
3.438316	2.725257
2.782758	2.353896
1.220387	0.996850
3.645566	2.829425
0.150880	-1.750745
0.649745	0.069445
0.989790	0.677767
2.458390	2.140309
2.313136	2.036500
3.197252	2.596721
2.074570	1.852919
0.577438	-0.093352
0.949546	0.615825
0.959138	0.630784
2.971233	2.468054
3.646303	2.829786
2.221918	1.968347
2.013252	1.802771
2.445700	2.131458
2.362794	2.072617
2.816050	2.374551
1.701542	1.525357
0.590170	-0.063503
2.110170	1.881446
0.990988	0.679578
3.135197	2.562227
1.697935	1.521900
1.253443	1.038353
3.728585	2.869655
0.705109	0.184225
2.352405	2.065116
1.822615	1.637936
3.479963	2.746637
3.599272	2.806630
3.799983	2.903609
1.255253	1.040599
0.059649	-2.761332
2.630157	2.256320
2.778222	2.351065
3.843973	2.924242
2.991203	2.479769
0.854331	0.460087
3.180451	2.587442
2.290499	2.019809
3.136758	2.563102
1.984010	1.778388
2.411539	2.107429
0.881276	0.505566
0.432962	-0.477362
2.566448	2.214093
3.984899	2.988925
2.113102	1.883777
0.266442	-1.086386
1.596422	1.421899
2.098298	1.871979
2.554881	2.206327
0.486814	-0.323238
2.477206	2.153361
3.221323	2.609941
3.811238	2.908909
0.446833	-0.436194
1.859317	1.670792
0.304678	-0.922544
0.370360	-0.678207
0.683066	0.139453
3.950047	2.973125
1.650874	1.476195
1.829848	1.644456
0.515234	-0.247566
0.464005	-0.386685
0.258405	-1.123381
3.267183	2.634882
3.287973	2.646086
1.891291	1.698963
2.394574	2.095384
0.142406	-1.815937
3.089719	2.536557
3.322965	2.664799
0.631382	0.029583
2.861086	2.402150
1.223670	1.001013
3.346243	2.677150
2.988019	2.477905
0.619477	0.003223
2.745878	2.330757
1.882820	1.691540
3.721875	2.866434
1.815776	1.631751
0.402763	-0.570963
3.498557	2.756107
0.450958	-0.424158
1.313513	1.111472
1.668828	1.493761
2.264086	2.000151
1.515754	1.338485
0.408159	-0.553817
3.224003	2.611407
3.729547	2.870116
2.672639	2.283977
2.975946	2.470825
0.640240	0.048930
0.486628	-0.323745
2.043312	1.827519
0.042620	-3.113696
0.392973	-0.602575
1.122071	0.867569
2.475287	2.152033
3.087279	2.535169
2.701122	2.302303
2.468021	2.147001
1.912816	1.717697
3.536193	2.775139
3.532907	2.773484
3.613329	2.813579
1.803112	1.620244
0.794349	0.354411
1.108094	0.848426
